,0,1,2,3,4,5,6,7,8,9,10,11,12,13,14,15,16,17,18,19,20,21,22,23,24,25,26,27,28,29,30,31
0,0.0,99.98502036090942,99.99553716866478,0.0,99.9868707240854,0.0,99.85716903770737,99.45968522974938,99.92113666513578,99.24045020583677,99.97413195865802,99.72054260470972,99.96556055773453,99.97412888734152,99.94353558943186,0.0,99.98346724827233,0.0,99.87566737410057,99.82343743565883,99.98580260358139,99.7042785675475,0.0,99.94875022711594,0.0,0.0,99.96137287469995,98.8850000993649,99.96905393175867,99.97626270435389,99.88727905943456,-100.0
1,0.0,100.0,100.0,0.0,100.0,0.0,99.81928434062027,98.71559737401239,99.95622181713009,97.88435420064458,100.0,99.39869977425147,99.99930121195325,0.0,99.99101805973936,0.0,100.0,0.0,99.8843360245135,99.75093104496155,100.0,99.4067470727868,0.0,0.0,0.0,0.0,99.99780329830683,96.7237664549543,100.0,79.76926222169976,99.88934719657303,-100.0
2,0.0,0.0,99.99799845259244,0.0,0.0,0.0,99.80217631306813,99.09088736961438,0.0,0.0,99.96200101577405,0.0,0.0,0.0,99.93210799358533,0.0,0.0,0.0,99.84961396449566,99.77391102836518,99.98311984809686,99.559714837717,0.0,0.0,0.0,0.0,0.0,0.0,99.95867328775232,0.0,99.84588407590607,-100.0
3,0.0,0.0,99.99985081837835,0.0,0.0,0.0,99.90389111602425,99.43869175573232,0.0,0.0,99.98966167006938,0.0,0.0,0.0,99.97210976487085,0.0,0.0,0.0,99.9241084482149,99.88629815203741,99.99755792774539,99.77569293602771,0.0,0.0,0.0,0.0,0.0,0.0,99.98699238950843,0.0,99.9327788235025,-100.0
4,0.0,0.0,100.0,0.0,0.0,0.0,100.0,99.96973365841711,0.0,0.0,100.0,0.0,0.0,0.0,100.0,0.0,0.0,0.0,100.0,100.0,100.0,100.0,0.0,0.0,0.0,0.0,0.0,0.0,100.0,0.0,100.0,-100.0
5,0.0,0.0,100.0,0.0,0.0,0.0,100.0,100.0,0.0,0.0,100.0,0.0,0.0,0.0,100.0,0.0,0.0,0.0,100.0,100.0,100.0,100.0,0.0,0.0,0.0,0.0,0.0,0.0,100.0,0.0,100.0,-100.0
6,0.0,2.8681569321158022,99.99968991037419,0.0,41.31445307480234,0.0,99.99954356254925,100.0,25.289477072003425,0.0,99.99941507268886,0.0,0.0,0.0,99.99944927001292,0.0,73.3404211454714,0.0,100.0,99.99954068583929,99.9998234865595,99.9982671178911,0.0,0.0,0.0,0.0,0.0,0.0,99.99918482057457,0.0,99.99894350149289,-100.0
7,0.0,57.99215920924057,99.99997914180099,0.0,81.95303275286022,0.0,99.99965526029635,100.0,71.41409676689563,0.0,99.99892183043659,34.82483270397873,0.0,0.0,99.99969814838231,0.0,96.61064251245945,0.0,99.99996338118318,99.99966790966891,99.99963615867928,99.99969372630987,0.0,0.0,0.0,0.0,0.0,0.0,99.99991815177962,0.0,99.9999737791391,-100.0
8,0.0,90.29860345836794,100.0,0.0,98.7860837352132,0.0,99.99990875054174,100.0,95.57946982843663,0.0,99.99999998794632,77.9791165171706,52.20250391294107,0.0,99.99992386356035,0.0,99.99999998740803,0.0,99.99996594508004,99.99925493866138,99.9999807456897,99.9999804459544,0.0,0.0,0.0,0.0,34.272960112793896,31.53288355470687,99.99979375722346,33.76615568269498,99.99885508579938,-100.0
9,0.0,99.83928940979095,99.99993029840351,0.0,99.99999998325342,0.0,99.99999999629974,100.0,99.98962019387386,0.0,99.99992136471255,97.83747400366194,87.85997934304864,0.0,99.9998915708148,0.0,99.99996433097087,0.0,99.999629680211,99.99968543380332,99.99999424944018,99.99975473594057,0.0,0.0,0.0,0.0,78.34424325244551,71.95502495482452,99.99978863937235,77.3646966338362,99.9997925341632,-100.0
10,0.0,99.99997797932642,99.9999999832777,0.0,99.99989578739539,0.0,99.99994687832763,100.0,99.99982043884107,46.984730681014504,99.99995523752861,99.99982181206124,99.67098406050916,0.0,99.99972619560275,0.0,99.99996074095162,0.0,99.99997227081346,99.99999991004003,99.99998449487906,99.9996940796578,0.0,0.0,0.0,0.0,98.29615374521946,95.47847009866726,99.99991676232595,97.96710672420204,99.99930967208232,-100.0
11,0.0,99.99912328310837,99.99947201293313,0.0,99.9990553178218,0.0,99.99684265869526,99.99891383636428,99.99676230331859,82.02829719209332,99.99826699640303,99.99403485283976,99.49156050741477,0.0,99.9983679149926,0.0,97.98789634323587,0.0,99.99562097375015,99.99603186857871,99.67270642186732,99.9948408543515,0.0,0.0,0.0,0.0,97.55561082884468,99.98226938025056,99.99759637233413,97.21725845874339,98.44243840985129,-100.0
12,0.0,99.99943393862364,99.99973406821131,0.0,99.99944567734201,0.0,99.9998876842014,99.99910217189931,99.99861223150552,84.48062231693551,99.99918606870773,99.99568459420468,0.0,0.0,99.99999469746871,0.0,99.45532822477524,0.0,99.99855313196944,99.99791387978391,99.99943231904864,99.99605385523593,0.0,0.0,0.0,0.0,0.0,98.90659521134178,99.99899005997793,0.0,99.76793100151923,-100.0
13,0.0,99.99957057190876,99.99998954956321,0.0,99.99965895644546,0.0,99.99570530356443,99.98909628548643,99.99717084679749,0.0,99.9990145718011,99.99302380677517,0.0,0.0,99.99768853522077,0.0,99.99935147496248,0.0,99.99601938958368,99.99478737954412,99.99957047977679,99.9926180908626,0.0,0.0,0.0,0.0,0.0,99.6252512145116,99.99844556786962,0.0,99.99639833511613,-100.0
14,0.0,100.0,100.0,0.0,100.0,0.0,99.9999495413843,99.99748410472252,100.0,0.0,100.0,99.99929653832955,0.0,0.0,100.0,0.0,100.0,0.0,100.00003208663615,99.99982744215579,100.0,99.99919298389072,0.0,0.0,0.0,0.0,0.0,99.99379333471927,100.0,0.0,100.0,-100.0
15,0.0,100.0,100.0,0.0,100.0,0.0,100.0,100.0,100.0,0.0,100.0,100.0,0.0,0.0,100.0,0.0,100.0,0.0,100.0,100.0,100.0,100.0,0.0,0.0,0.0,0.0,0.0,100.0,100.0,0.0,100.0,-100.0
16,0.0,100.0,100.0,0.0,100.0,0.0,100.0,100.0,100.0,0.0,100.0,100.0,0.0,0.0,100.0,0.0,100.0,0.0,100.0,100.0,100.0,100.0,0.0,0.0,0.0,0.0,0.0,100.0,100.0,0.0,100.0,-100.0
17,0.0,100.0,100.0,0.0,100.0,0.0,100.0,100.0,100.0,0.0,100.0,100.0,0.0,0.0,100.0,0.0,100.0,0.0,100.0,100.0,100.0,100.0,0.0,0.0,0.0,0.0,0.0,100.0,100.0,0.0,100.0,-100.0
18,0.0,99.99986012757621,99.99984252316713,0.0,99.99986222160835,0.0,99.99973453608567,100.0,99.99949430596462,0.0,99.99978450046432,99.9987069376093,0.0,0.0,99.99986867997045,0.0,99.99957282876582,0.0,99.9992335918612,99.99925841037893,99.99961700915762,99.9990594238382,0.0,0.0,0.0,0.0,0.0,99.99724263078195,99.99999994877217,0.0,99.99911482618927,-100.0
19,0.0,99.99982088789132,99.99988299750325,0.0,99.99985418863564,0.0,99.99997837588602,99.9990300211511,99.99991457212336,43.669289235474395,99.99966349736201,99.99912491874822,33.71261225590183,0.0,99.999510828879,0.0,99.99988375347229,0.0,99.99953703114457,99.9999426059525,99.9988623411212,99.99850227871715,0.0,0.0,0.0,0.0,0.0,99.99576827366855,99.99917350093467,0.0,99.99957485751425,-100.0
20,0.0,100.0,100.0,0.0,100.0,0.0,100.0,99.99973596763793,100.0,0.0,100.0,99.99925252160412,0.0,0.0,99.99997385659097,0.0,100.0,0.0,99.99999999074264,99.99999983403943,100.0,100.0,0.0,0.0,0.0,0.0,0.0,100.0,100.0,0.0,100.0,-100.0
21,0.0,100.0,100.0,0.0,100.0,0.0,100.0,100.0,100.0,0.0,100.0,100.0,0.0,0.0,100.0,0.0,100.0,0.0,100.0,100.0,100.0,100.0,0.0,0.0,0.0,0.0,0.0,100.0,100.0,0.0,100.0,-100.0
22,0.0,100.0,100.0,0.0,100.0,0.0,100.0,100.0,100.0,0.0,100.0,100.0,0.0,0.0,100.0,0.0,100.0,0.0,100.0,100.0,100.0,100.0,0.0,0.0,0.0,0.0,0.0,100.0,100.0,0.0,100.0,-100.0
23,0.0,100.0,100.0,0.0,100.0,0.0,100.0,100.0,100.0,0.0,100.0,100.0,0.0,0.0,100.0,0.0,100.0,0.0,100.0,100.0,100.0,100.0,0.0,0.0,0.0,0.0,0.0,100.0,100.0,0.0,100.0,-100.0
24,0.0,99.99218139246705,99.99997230177425,0.0,99.99454483944838,0.0,99.8143591287862,99.37851181312732,99.8997328147635,0.0,99.97475216178252,99.63988333613045,0.0,0.0,99.94423720476941,0.0,99.99197147467119,0.0,99.88102127860662,99.79212994548581,99.99428712762312,99.65400942568198,0.0,0.0,0.0,0.0,0.0,98.62951284112738,99.97106475058554,0.0,99.84677449044855,-100.0
25,0.0,99.97091626585653,99.99463551625976,0.0,99.97534211869234,0.0,99.52249259479642,98.15241352780606,99.7610478797454,0.0,99.93661984930986,99.0255362844958,0.0,0.0,0.0,0.0,0.0,0.0,99.67434476320959,99.44894855283081,99.97450604230876,99.03790138173967,0.0,0.0,0.0,0.0,0.0,95.79081561163056,99.92921155784616,0.0,99.63416201932466,-100.0
26,0.0,99.96184217111721,99.99054872117755,0.0,99.96749923815028,0.0,99.64348795814763,98.15965308011674,99.83644522025662,0.0,99.93165761023502,82.83320517111183,0.0,0.0,0.0,0.0,0.0,0.0,0.0,99.7052888178962,0.0,99.53725255861637,0.0,0.0,0.0,0.0,0.0,0.0,99.92569566612225,0.0,99.74280862450479,-100.0
27,0.0,99.99306061147313,99.99995572675509,0.0,99.99522708994715,0.0,99.751214766324,98.2265742277505,99.895610145363,0.0,99.97253648778434,0.0,0.0,0.0,0.0,0.0,0.0,0.0,0.0,99.73737439028042,0.0,99.51472877657059,0.0,0.0,0.0,0.0,0.0,0.0,99.96822320193026,0.0,99.83480321365245,-100.0
28,0.0,100.0,100.0,0.0,100.0,0.0,99.99985312518321,99.54672134197189,100.0,0.0,100.0,0.0,0.0,0.0,0.0,0.0,0.0,0.0,0.0,100.0,0.0,99.99055738203349,0.0,0.0,0.0,0.0,0.0,0.0,100.0,0.0,100.0,-100.0
29,0.0,100.0,100.0,0.0,100.0,0.0,100.0,99.98782791729917,100.0,0.0,100.0,0.0,0.0,0.0,0.0,0.0,0.0,0.0,0.0,100.0,0.0,100.0,0.0,0.0,0.0,0.0,0.0,0.0,100.0,0.0,100.0,-100.0
30,0.0,99.99977636237134,99.9999525531276,0.0,100.0,0.0,99.99985422559133,100.0,99.99983767464212,0.0,99.99981124855292,98.3215487039553,0.0,0.0,0.0,0.0,0.0,0.0,77.1467341344416,99.9996448916511,77.88225777714021,99.99961246394426,0.0,0.0,0.0,0.0,0.0,0.0,99.99934927330251,0.0,99.99955390536127,-100.0
31,0.0,99.99998809345936,100.0,0.0,100.0,0.0,100.0,100.0,100.0,0.0,99.99993571977753,99.99996927186506,0.0,0.0,0.0,0.0,0.0,0.0,97.39553926996383,99.99933274485164,97.7687469361152,99.99757178394374,0.0,0.0,0.0,0.0,0.0,0.0,99.99832909707442,0.0,99.99921464693956,-100.0
32,0.0,99.99976957408956,100.0,0.0,100.0,0.0,99.99968636169466,100.0,100.0,0.0,99.99926181225756,99.99913054727179,0.0,0.0,0.0,0.0,0.0,0.0,99.99936763397965,99.99803334432507,99.9998716585839,99.9981721070352,0.0,0.0,0.0,0.0,0.0,0.48806470362119625,99.99790818054,0.0,99.99916669144689,-100.0
33,0.0,99.99952435911362,99.99948805923314,0.0,100.0,0.0,99.99983992539508,100.0,99.99927394291319,0.0,99.99926796526489,99.99868344101152,0.0,0.0,41.36651631055835,0.0,0.0,0.0,100.0,99.99899357975835,99.99949740635353,99.9982452110811,0.0,0.0,0.0,0.0,0.0,49.67806883832033,99.99871120918719,0.0,99.99907283036642,-100.0
34,0.0,99.99975552210346,100.0,0.0,99.99988301479554,0.0,99.99994687785792,100.0,99.99987955570619,0.0,99.99977539910199,99.99837712598557,0.0,0.0,84.8214495094695,0.0,20.718961667943624,0.0,99.99990913648433,99.99999968266536,99.9998473857755,99.99901455752929,0.0,0.0,0.0,0.0,0.0,86.0916094703513,99.9996331222934,0.0,99.99939166484909,-100.0
35,0.0,99.99984326666025,99.99981781267878,0.0,99.9997617046272,0.0,99.99935231921162,99.99986504035591,99.99929044854898,0.0,99.99963718646183,99.97223970091984,0.0,0.0,99.43802466777831,0.0,69.46495742667757,0.0,99.99861274025925,99.99913544958076,99.99981989569095,99.99887528008631,0.0,0.0,0.0,0.0,0.0,99.14846745096952,99.99959676310598,0.0,99.99941181355649,-100.0
36,0.0,99.99999940029787,99.99993150357714,0.0,99.99985024012297,0.0,99.9991080510708,99.99903479583779,99.99820058578966,0.0,100.0,0.0,0.0,0.0,0.0,0.0,0.0,0.0,99.99845404738845,99.99840207217697,95.2112207788156,99.99903061675339,0.0,0.0,0.0,0.0,0.0,0.0,99.99976865764097,0.0,99.99905424954244,-100.0
37,0.0,96.95947450953477,99.9999962080975,0.0,100.00002964023906,0.0,99.99999846256931,100.00000915838598,99.99983282104967,0.0,99.9527628367087,0.0,0.0,0.0,0.0,0.0,0.0,0.0,96.30350500086749,100.0000220095693,0.0,100.00001584613254,0.0,0.0,0.0,0.0,0.0,0.0,100.00003124456389,0.0,100.00001014090503,-100.0
38,0.0,99.55965690910955,100.0,0.0,99.99999964836631,0.0,100.0,100.0,99.99999972711008,0.0,100.0,0.0,0.0,0.0,0.0,0.0,0.0,0.0,98.13386406817176,100.0,0.0,99.99999945307498,0.0,0.0,0.0,0.0,0.0,0.0,100.0,0.0,100.0,-100.0
39,0.0,100.0,100.0,0.0,100.0,0.0,100.0,100.0,100.0,0.0,100.0,0.0,0.0,0.0,0.0,0.0,0.0,0.0,99.99928545262375,100.0,0.0,100.0,0.0,0.0,0.0,0.0,0.0,0.0,100.0,0.0,100.0,-100.0
40,0.0,100.0,100.0,0.0,100.0,0.0,100.0,100.0,100.0,0.0,100.0,0.0,0.0,0.0,0.0,0.0,0.0,0.0,100.0,100.0,17.600065680815362,100.0,0.0,0.0,0.0,0.0,0.0,0.0,100.0,0.0,100.0,-100.0
41,0.0,100.0,100.0,0.0,100.0,0.0,100.0,100.0,100.0,0.0,100.0,0.0,0.0,0.0,0.0,0.0,0.0,0.0,100.0,100.0,60.42714203538873,100.0,0.0,0.0,0.0,0.0,0.0,0.0,100.0,0.0,100.0,-100.0
42,0.0,99.99993786755371,99.99998527565536,0.0,99.99990145986537,0.0,99.99976654216968,100.0,99.99980305780505,0.0,99.9999276181437,0.0,0.0,0.0,0.0,0.0,0.0,0.0,99.9999121046461,99.999993305233,97.68492610775114,99.99976604203691,0.0,0.0,0.0,0.0,0.0,0.0,99.99951570440737,0.0,99.99937335161755,-100.0
43,0.0,99.99982174216132,99.9999524902392,0.0,99.99998484140654,0.0,99.99927226816955,99.99607756656646,99.99865020469187,0.0,99.99899005528286,3.721721136017115,0.0,0.0,0.0,0.0,0.0,0.0,99.99860494496038,99.96398665619786,99.99900768140803,99.99797073538468,0.0,0.0,0.0,0.0,0.0,0.0,99.99877277569477,0.0,99.99855611846338,-100.0
44,0.0,100.0,99.99999999946311,0.0,100.0,0.0,100.0,100.0,100.0,0.0,100.0,0.0,0.0,0.0,0.0,0.0,0.0,0.0,99.99998618702519,99.98737619282902,100.0,100.0,0.0,0.0,0.0,0.0,0.0,0.0,100.0,0.0,99.99999798203649,-100.0
45,0.0,100.0,100.0,0.0,100.0,0.0,100.0,100.0,100.0,0.0,100.0,0.0,0.0,0.0,0.0,0.0,0.0,0.0,100.0,100.0,100.0,100.0,0.0,0.0,0.0,0.0,0.0,0.0,100.0,0.0,100.0,-100.0
46,0.0,100.0,100.0,0.0,100.0,0.0,100.0,100.0,100.0,0.0,100.0,0.0,0.0,0.0,0.0,0.0,0.0,0.0,100.0,100.0,100.0,100.0,0.0,0.0,0.0,0.0,0.0,0.0,100.0,0.0,100.0,-100.0
47,0.0,100.0,100.0,0.0,100.0,0.0,100.0,100.0,100.0,0.0,100.0,0.0,0.0,0.0,0.0,0.0,0.0,0.0,100.0,100.0,100.0,100.0,0.0,0.0,0.0,0.0,0.0,0.0,100.0,0.0,100.0,-100.0
48,0.0,96.0661752988434,99.99639236114116,0.0,99.97075875752836,0.0,99.71560760118072,99.24564466241279,99.86673576877016,0.0,99.92538332860578,0.0,0.0,0.0,0.0,0.0,0.0,0.0,99.81247306936142,99.72326699520312,86.63339159990743,99.56530013944483,0.0,0.0,0.0,0.0,0.0,0.0,99.93256245787045,0.0,99.75874390950048,-100.0
49,0.0,0.0,99.99876695347119,0.0,86.11537772530555,0.0,99.72854106354013,98.87303416068298,99.90027393277272,0.0,99.96285232842735,0.0,0.0,0.0,0.0,0.0,0.0,0.0,0.0,99.7125847598655,0.0,99.45914183007235,0.0,0.0,0.0,0.0,0.0,0.0,99.96615849879493,0.0,61.31193649352258,-100.0
50,0.0,0.0,99.9959118415907,0.0,0.0,0.0,74.49962004384817,99.5831328262605,0.0,0.0,88.38131579366367,0.0,0.0,0.0,0.0,0.0,0.0,0.0,0.0,99.91753628973645,0.0,99.85117920406734,0.0,0.0,0.0,0.0,0.0,0.0,99.96191330291701,0.0,0.0,-100.0
51,0.0,0.0,99.99579045748212,0.0,0.0,0.0,68.19212878456928,99.56427859438239,0.0,0.0,86.9422718900895,0.0,0.0,0.0,0.0,0.0,0.0,0.0,0.0,99.76958730086633,0.0,99.62451528722632,0.0,0.0,0.0,0.0,0.0,0.0,99.97095646478859,0.0,0.0,-100.0
52,0.0,0.0,100.0,0.0,0.0,0.0,78.28058428425018,99.98619089515074,0.0,0.0,92.64190475547926,0.0,0.0,0.0,0.0,0.0,0.0,0.0,0.0,100.0,0.0,99.99084621570738,0.0,0.0,0.0,0.0,0.0,0.0,100.0,0.0,0.0,-100.0
53,0.0,0.0,100.0,0.0,0.0,0.0,84.6180779494089,100.0,0.0,0.0,96.23065511635745,0.0,0.0,0.0,0.0,0.0,0.0,0.0,0.0,100.0,0.0,100.0,0.0,0.0,0.0,0.0,0.0,0.0,100.0,0.0,0.0,-100.0
54,0.0,0.0,99.99957594934021,0.0,62.74486287424283,0.0,99.9396626461327,100.0,0.0,0.0,99.98954446247743,0.0,0.0,0.0,0.0,0.0,0.0,0.0,0.0,99.99867247800402,0.0,99.99824521806661,0.0,0.0,0.0,0.0,0.0,0.0,99.99929827652674,0.0,0.0,-100.0
55,0.0,0.0,99.99996787945081,0.0,91.86498090439831,0.0,99.99879332880603,100.0,0.0,0.0,99.99968310427117,0.0,0.0,0.0,0.0,0.0,0.0,0.0,0.0,99.99871787561688,0.0,99.99858709005217,0.0,0.0,0.0,0.0,0.0,0.0,99.99989208348833,0.0,0.0,-100.0
56,0.0,0.0,100.0,0.0,99.956495516277,0.0,99.999372729466,99.99999581497116,17.394061077151903,0.0,99.9995646776819,0.0,0.0,0.0,0.0,0.0,0.0,0.0,0.0,99.99878415793806,0.0,99.99956571502368,0.0,0.0,0.0,0.0,0.0,0.0,99.99859193295293,0.0,27.46864387950595,-100.0
57,0.0,0.0,99.99971271236294,0.0,100.0,0.0,100.0,100.0,64.94485175173992,0.0,99.99985376304404,0.0,0.0,0.0,0.0,0.0,0.0,0.0,0.0,99.99966427306673,0.0,99.99856961236605,0.0,0.0,0.0,0.0,0.0,0.0,99.99960354844164,0.0,71.6378596095112,-100.0
58,0.0,33.831855151092945,99.99998051032954,0.0,99.99991746975859,0.0,99.99810032486998,100.0,94.58529313857534,0.0,99.99995157168388,0.0,0.0,0.0,0.0,0.0,0.0,0.0,34.26984532543414,99.9993758531384,15.65031524448659,99.99982180404278,0.0,0.0,0.0,0.0,0.0,0.0,99.99970494707063,0.0,96.7136116020948,-100.0
59,0.0,83.51444301915865,99.99972930845021,0.0,98.62363426459987,0.0,99.99830126019998,99.9998626583897,94.3925192565978,0.0,99.99872416539719,0.0,0.0,0.0,0.0,0.0,0.0,0.0,79.16933435976333,99.99764754284796,69.22226335398868,99.99697375673018,0.0,0.0,0.0,0.0,0.0,0.0,99.99911831306063,0.0,99.99985573722047,-100.0
60,0.0,0.0,100.0,0.0,19.225668700348802,0.0,99.99812985126674,99.99266267640687,0.0,0.0,99.27120357854669,0.0,0.0,0.0,0.0,0.0,0.0,0.0,0.0,99.99741053338492,0.0,99.99554209608075,0.0,0.0,0.0,0.0,0.0,0.0,100.0,0.0,0.0,-100.0
61,0.0,0.0,99.99999994339272,0.0,0.0,0.0,99.99999333455621,99.99603373375004,0.0,0.0,50.810284538882314,0.0,0.0,0.0,0.0,0.0,0.0,0.0,0.0,99.99999155769419,0.0,99.99877797296377,0.0,0.0,0.0,0.0,0.0,0.0,99.99999832135494,0.0,0.0,-100.0
62,0.0,0.0,100.0,0.0,0.0,0.0,99.99999958538427,100.0,0.0,0.0,0.0,0.0,0.0,0.0,0.0,0.0,0.0,0.0,0.0,99.99998949695103,0.0,100.0,0.0,0.0,0.0,0.0,0.0,0.0,99.99999990290416,0.0,0.0,-100.0
63,0.0,0.0,100.0,0.0,0.0,0.0,100.0,100.0,0.0,0.0,25.056708017194047,0.0,0.0,0.0,0.0,0.0,0.0,0.0,0.0,100.0,0.0,100.0,0.0,0.0,0.0,0.0,0.0,0.0,100.0,0.0,0.0,-100.0
64,0.0,0.0,100.0,0.0,0.0,0.0,100.0,100.0,0.0,0.0,63.06113647882727,0.0,0.0,0.0,0.0,0.0,0.0,0.0,0.0,100.0,0.0,100.0,0.0,0.0,0.0,0.0,0.0,0.0,100.0,0.0,0.0,-100.0
65,0.0,0.0,100.0,0.0,0.0,0.0,100.0,100.0,0.0,0.0,87.66481918523407,0.0,0.0,0.0,0.0,0.0,0.0,0.0,0.0,100.0,0.0,100.0,0.0,0.0,0.0,0.0,0.0,0.0,100.0,0.0,0.0,-100.0
66,0.0,0.0,99.99952186754136,0.0,60.6723618289429,0.0,100.0,99.99944762128695,0.0,0.0,99.67240951020375,0.0,0.0,0.0,0.0,0.0,0.0,0.0,43.51045194851942,99.99950561786083,40.87109720305809,99.99935349861406,0.0,0.0,0.0,0.0,0.0,0.0,99.99985678590406,0.0,0.0,-100.0
67,0.0,0.0,99.99988854123167,0.0,93.75176841092684,0.0,99.99975677743392,99.99928449912291,0.0,0.0,99.99977607176169,0.0,0.0,0.0,0.0,0.0,0.0,0.0,85.16997065206206,99.9991728238117,84.46120750514751,99.99899237131169,0.0,0.0,0.0,0.0,0.0,0.0,99.99852076192118,0.0,0.0,-100.0
68,0.0,0.0,100.0,0.0,100.0,0.0,100.0,99.99962784142512,0.0,0.0,100.0,0.0,0.0,0.0,0.0,0.0,0.0,0.0,93.09823163767156,100.0,92.73742662803345,100.0,0.0,0.0,0.0,0.0,0.0,0.0,100.0,0.0,0.0,-100.0
69,0.0,0.0,100.0,0.0,100.0,0.0,100.0,100.0,0.0,0.0,100.0,0.0,0.0,0.0,0.0,0.0,0.0,0.0,97.31705603063294,100.0,97.167860342598,100.0,0.0,0.0,0.0,0.0,0.0,0.0,100.0,0.0,0.0,-100.0
70,0.0,0.0,100.0,0.0,100.0,0.0,100.0,100.0,0.0,0.0,100.0,0.0,0.0,0.0,0.0,0.0,0.0,0.0,99.76752922300685,100.0,99.75203575063956,100.0,0.0,0.0,0.0,0.0,0.0,0.0,100.0,0.0,0.0,-100.0
71,0.0,0.0,100.0,0.0,100.0,0.0,100.0,100.0,0.0,0.0,100.0,0.0,0.0,0.0,0.0,0.0,0.0,0.0,100.0,100.0,100.0,100.0,0.0,0.0,0.0,0.0,0.0,0.0,100.0,0.0,0.0,-100.0
72,0.0,0.0,99.99649945522897,0.0,73.42244769253452,0.0,99.76775788446875,99.3657296164438,0.0,0.0,99.93992746502856,0.0,0.0,0.0,0.0,0.0,0.0,0.0,41.3242634588562,99.7844406412843,0.0,99.72649045742249,0.0,0.0,0.0,0.0,0.0,0.0,99.94549180056286,0.0,0.0,-100.0
73,0.0,0.0,99.99998048705801,0.0,0.0,0.0,99.69621172064458,98.72320031239639,0.0,0.0,0.0,0.0,0.0,0.0,0.0,0.0,0.0,0.0,0.0,99.67279883683419,0.0,99.52575325743365,0.0,0.0,0.0,0.0,0.0,0.0,99.99393595982052,0.0,0.0,-100.0
74,0.0,0.0,99.99800451082861,0.0,0.0,0.0,99.61151765267911,98.2593274369016,0.0,0.0,0.0,0.0,0.0,0.0,0.0,0.0,0.0,0.0,0.0,99.75992468303399,0.0,99.59523123918517,0.0,0.0,0.0,0.0,0.0,0.0,99.94730307805594,0.0,0.0,-100.0
75,0.0,0.0,99.99534574441928,0.0,0.0,0.0,99.86669615757967,99.18236637731064,0.0,0.0,0.0,0.0,0.0,0.0,0.0,0.0,0.0,0.0,0.0,99.91784618443398,0.0,99.86893658310441,0.0,0.0,0.0,0.0,0.0,0.0,99.97517812447273,0.0,0.0,-100.0
76,0.0,0.0,100.0,0.0,0.0,0.0,100.0,99.91600066819451,0.0,0.0,0.0,0.0,0.0,0.0,0.0,0.0,0.0,0.0,0.0,100.0,0.0,100.0,0.0,0.0,0.0,0.0,0.0,0.0,100.0,0.0,0.0,-100.0
77,0.0,0.0,100.0,0.0,0.0,0.0,100.0,100.0,0.0,0.0,0.0,0.0,0.0,0.0,0.0,0.0,0.0,0.0,0.0,100.0,0.0,100.0,0.0,0.0,0.0,0.0,0.0,0.0,100.0,0.0,0.0,-100.0
78,0.0,0.0,99.99881928355667,0.0,0.0,0.0,99.9999999556581,100.0,0.0,0.0,0.0,0.0,0.0,0.0,0.0,0.0,0.0,0.0,0.0,99.99865493536755,0.0,99.9966253187057,0.0,0.0,0.0,0.0,0.0,0.0,99.996702459914,0.0,0.0,-100.0
79,0.0,0.0,99.99948490850088,0.0,0.0,0.0,99.99986827905457,100.0,0.0,0.0,0.0,0.0,0.0,0.0,0.0,0.0,0.0,0.0,0.0,100.0,0.0,99.99883807653984,0.0,0.0,0.0,0.0,0.0,0.0,99.99541424626743,0.0,0.0,-100.0
80,0.0,0.0,99.99973889887089,0.0,0.0,0.0,99.99979263230185,99.99999972651398,0.0,0.0,37.40938255065635,0.0,0.0,0.0,0.0,0.0,0.0,0.0,0.0,99.99963652950935,0.0,99.998697206857,0.0,0.0,0.0,0.0,0.0,0.0,99.99696125496045,0.0,0.0,-100.0
81,0.0,0.0,99.99887454177927,0.0,0.0,0.0,99.99936632504601,100.0,0.0,0.0,79.3943419885032,0.0,0.0,0.0,0.0,0.0,0.0,0.0,0.0,99.99889960889996,0.0,99.99728561792594,0.0,0.0,0.0,0.0,0.0,0.0,99.99836122126834,0.0,0.0,-100.0
82,0.0,0.0,99.99994957649943,0.0,48.39615520520712,0.0,99.99987130398769,100.0,0.0,0.0,98.46032707634956,0.0,0.0,0.0,0.0,0.0,0.0,0.0,0.0,99.99970380977744,0.0,99.9991885881488,0.0,0.0,0.0,0.0,0.0,0.0,99.99861660683396,0.0,0.0,-100.0
83,0.0,0.0,99.9997171985718,0.0,87.33762308071313,0.0,99.11569005529057,99.99993995557016,0.0,0.0,99.89935389523403,0.0,0.0,0.0,0.0,0.0,0.0,0.0,0.0,99.99725079715832,0.0,99.99600559592642,0.0,0.0,0.0,0.0,0.0,0.0,99.99887187138529,0.0,0.0,-100.0
84,0.0,0.0,99.99964251619761,0.0,0.9922734311474906,0.0,99.30339226024404,99.99339262626431,0.0,0.0,0.0,0.0,0.0,0.0,0.0,0.0,0.0,0.0,0.0,99.99690255486256,0.0,99.99320229160337,0.0,0.0,0.0,0.0,0.0,0.0,99.99856967390573,0.0,0.0,-100.0
85,0.0,0.0,99.99999987807544,0.0,0.0,0.0,99.99999157735252,99.9966050342913,0.0,0.0,0.0,0.0,0.0,0.0,0.0,0.0,0.0,0.0,0.0,99.99998726096865,0.0,99.99998190087858,0.0,0.0,0.0,0.0,0.0,0.0,99.99999665144011,0.0,0.0,-100.0
86,0.0,0.0,100.0,0.0,0.0,0.0,100.0,99.99999318610817,0.0,0.0,0.0,0.0,0.0,0.0,0.0,0.0,0.0,0.0,0.0,100.0,0.0,100.0,0.0,0.0,0.0,0.0,0.0,0.0,100.0,0.0,0.0,-100.0
87,0.0,0.0,100.0,0.0,0.0,0.0,100.0,100.0,0.0,0.0,0.0,0.0,0.0,0.0,0.0,0.0,0.0,0.0,0.0,100.0,0.0,100.0,0.0,0.0,0.0,0.0,0.0,0.0,100.0,0.0,0.0,-100.0
88,0.0,0.0,100.0,0.0,0.0,0.0,100.0,100.0,0.0,0.0,0.0,0.0,0.0,0.0,0.0,0.0,0.0,0.0,0.0,100.0,0.0,100.0,0.0,0.0,0.0,0.0,0.0,0.0,100.0,0.0,0.0,-100.0
89,0.0,0.0,100.0,0.0,0.0,0.0,100.0,100.0,0.0,0.0,0.0,0.0,0.0,0.0,0.0,0.0,0.0,0.0,0.0,100.0,0.0,100.0,0.0,0.0,0.0,0.0,0.0,0.0,100.0,0.0,0.0,-100.0
90,0.0,0.0,99.99979786617054,0.0,33.217896006185434,0.0,100.0,99.99141872381115,0.0,0.0,9.15261653755735,0.0,0.0,0.0,0.0,0.0,0.0,0.0,0.0,99.99254480436385,0.0,99.99870700278592,0.0,0.0,0.0,0.0,0.0,0.0,99.99893399321127,0.0,0.0,-100.0
91,0.0,0.0,99.99943072711542,0.0,80.49614194644683,0.0,99.99940323975561,99.99560042544108,0.0,0.0,65.57737209614376,0.0,0.0,0.0,0.0,0.0,0.0,0.0,0.0,99.99999999871443,34.94916763391328,99.9996641193261,0.0,0.0,0.0,0.0,0.0,0.0,99.99920454527262,0.0,0.0,-100.0
92,0.0,0.0,100.0,0.0,86.2259066145929,0.0,100.0,100.0,0.0,0.0,50.447737945368964,0.0,0.0,0.0,0.0,0.0,0.0,0.0,0.0,99.99944244777201,0.0,99.99927089323762,0.0,0.0,0.0,0.0,0.0,0.0,99.99967697577088,0.0,0.0,-100.0
93,0.0,0.0,100.0,0.0,90.05735345699489,0.0,100.0,100.0,0.0,0.0,37.63858183736025,0.0,0.0,0.0,0.0,0.0,0.0,0.0,0.0,100.0,0.0,100.0,0.0,0.0,0.0,0.0,0.0,0.0,100.0,0.0,0.0,-100.0
94,0.0,0.0,100.0,0.0,96.10318078780688,0.0,100.0,100.0,0.0,0.0,50.694105164913914,0.0,0.0,0.0,0.0,0.0,0.0,0.0,0.0,100.0,0.0,100.0,0.0,0.0,0.0,0.0,0.0,0.0,100.0,0.0,0.0,-100.0
95,0.0,0.0,100.0,0.0,99.19487958529783,0.0,100.0,100.0,0.0,0.0,57.07003898473258,0.0,0.0,0.0,0.0,0.0,0.0,0.0,0.0,100.0,0.0,100.0,0.0,0.0,0.0,0.0,0.0,0.0,100.0,0.0,0.0,-100.0
96,0.0,0.0,99.99383488366117,0.0,95.74663313474706,0.0,99.61189838065702,98.95533036355772,0.0,0.0,13.300467599180449,0.0,0.0,0.0,0.0,0.0,0.0,0.0,0.0,99.60484788302794,0.0,99.39067077994986,0.0,0.0,0.0,0.0,0.0,0.0,99.89563669440112,0.0,0.0,-100.0
97,0.0,0.0,99.9905774002612,0.0,0.0,0.0,99.1095623450143,97.29763119289034,0.0,0.0,0.0,0.0,0.0,0.0,0.0,0.0,0.0,0.0,0.0,99.0371062899446,0.0,98.45204221482912,0.0,0.0,0.0,0.0,0.0,0.0,99.7965828218077,0.0,0.0,-100.0
98,0.0,0.0,99.99857048231942,0.0,0.0,0.0,99.43176136063961,97.71072686709866,0.0,0.0,0.0,0.0,0.0,0.0,0.0,0.0,0.0,0.0,0.0,99.4953142455617,0.0,99.01434525823117,0.0,0.0,0.0,0.0,0.0,0.0,99.92700975609888,0.0,0.0,-100.0
99,0.0,0.0,100.0,0.0,0.0,0.0,99.88356286999309,98.71727894399439,0.0,0.0,0.0,0.0,0.0,0.0,0.0,0.0,0.0,0.0,0.0,99.9289223706211,0.0,99.73208278121287,0.0,0.0,0.0,0.0,0.0,0.0,100.00000137311712,0.0,0.0,-100.0
100,0.0,0.0,100.0,0.0,0.0,0.0,100.0,99.77217220291188,0.0,0.0,0.0,0.0,0.0,0.0,0.0,0.0,0.0,0.0,0.0,100.0,0.0,100.0,0.0,0.0,0.0,0.0,0.0,0.0,100.0,0.0,0.0,-100.0
101,0.0,0.0,100.0,0.0,0.0,0.0,100.0,100.0,0.0,0.0,0.0,0.0,0.0,0.0,0.0,0.0,0.0,0.0,0.0,100.0,0.0,100.0,0.0,0.0,0.0,0.0,0.0,0.0,100.0,0.0,0.0,-100.0
102,0.0,0.0,99.99962806252499,0.0,0.0,0.0,99.99968313496875,100.0,0.0,0.0,0.0,0.0,0.0,0.0,0.0,0.0,0.0,0.0,0.0,99.99923872204988,0.0,99.99815309514301,0.0,0.0,0.0,0.0,0.0,0.0,99.99767652555556,0.0,0.0,-100.0
103,0.0,0.0,99.9997792690117,0.0,0.0,0.0,99.99901461565449,100.0,0.0,0.0,0.0,0.0,0.0,0.0,0.0,0.0,0.0,0.0,0.0,99.99833958896909,0.0,99.99768828879832,0.0,0.0,0.0,0.0,0.0,0.0,99.99794659556613,0.0,0.0,-100.0
104,0.0,0.0,100.0,0.0,0.0,0.0,99.9989668845047,99.99999995341345,0.0,0.0,0.0,0.0,0.0,0.0,0.0,0.0,0.0,0.0,0.0,99.99933581362455,0.0,99.99777083308054,0.0,0.0,0.0,0.0,0.0,0.0,99.9971211422404,0.0,0.0,-100.0
105,0.0,0.0,99.99909589792637,0.0,20.56056288558673,0.0,99.99908500287059,100.0,0.0,0.0,30.13660686535125,0.0,0.0,0.0,0.0,0.0,0.0,0.0,0.0,99.99965825124627,0.0,99.99455797336448,0.0,0.0,0.0,0.0,0.0,0.0,99.99844288651398,0.0,0.0,-100.0
106,0.0,0.0,99.99999615360018,0.0,74.93693543676005,0.0,99.99999999694687,100.0,0.0,0.0,79.26176880362588,0.0,0.0,0.0,0.0,0.0,0.0,0.0,0.0,99.9982947484231,0.0,99.9984999626489,0.0,0.0,0.0,0.0,0.0,0.0,99.9969683917354,0.0,0.0,-100.0
107,0.0,0.0,99.99951027842717,0.0,97.39301473560721,0.0,99.99608502437292,99.99526769190068,0.0,0.0,98.52623110212832,0.0,0.0,0.0,0.0,0.0,0.0,0.0,0.0,99.99674783886083,0.0,99.99398921732836,0.0,0.0,0.0,0.0,0.0,0.0,99.99827876517783,0.0,0.0,-100.0
108,0.0,0.0,99.99991743598748,0.0,0.0,0.0,99.99814951421762,99.99223720887062,0.0,0.0,11.695622483564136,0.0,0.0,0.0,0.0,0.0,0.0,0.0,0.0,99.99778179837514,0.0,99.99659346538814,0.0,0.0,0.0,0.0,0.0,0.0,99.99958533490447,0.0,0.0,-100.0
109,0.0,0.0,100.0,0.0,0.0,0.0,99.99905248044199,99.98929194888554,0.0,0.0,0.0,0.0,0.0,0.0,0.0,0.0,0.0,0.0,0.0,99.9991878778452,0.0,99.46340948061179,0.0,0.0,0.0,0.0,0.0,0.0,99.99976662202901,0.0,0.0,-100.0
110,0.0,0.0,100.0,0.0,0.0,0.0,100.0,100.0,0.0,0.0,0.0,0.0,0.0,0.0,0.0,0.0,0.0,0.0,0.0,99.99999798381101,0.0,99.68107614069865,0.0,0.0,0.0,0.0,0.0,0.0,100.0,0.0,0.0,-100.0
111,0.0,0.0,100.0,0.0,0.0,0.0,100.0,100.0,0.0,0.0,0.0,0.0,0.0,0.0,0.0,0.0,0.0,0.0,0.0,100.0,0.0,100.0,0.0,0.0,0.0,0.0,0.0,0.0,100.0,0.0,0.0,-100.0
112,0.0,0.0,100.0,0.0,0.0,0.0,100.0,100.0,0.0,0.0,0.0,0.0,0.0,0.0,0.0,0.0,0.0,0.0,0.0,100.0,0.0,100.0,0.0,0.0,0.0,0.0,0.0,0.0,100.0,0.0,0.0,-100.0
113,0.0,0.0,100.0,0.0,0.0,0.0,100.0,100.0,0.0,0.0,0.0,0.0,0.0,0.0,0.0,0.0,0.0,0.0,0.0,100.0,0.0,100.0,0.0,0.0,0.0,0.0,0.0,0.0,100.0,0.0,0.0,-100.0
114,0.0,0.0,99.99971921275245,0.0,14.506674522740157,0.0,100.0,100.0,0.0,0.0,0.0,0.0,0.0,0.0,0.0,0.0,0.0,0.0,0.0,99.99859407168992,0.0,99.99719337888544,0.0,0.0,0.0,0.0,0.0,0.0,99.99832874066226,0.0,0.0,-100.0
115,0.0,0.0,99.99970703226138,0.0,70.19939644031167,0.0,99.99949694293092,99.99553357414065,0.0,0.0,22.457743356324265,0.0,0.0,0.0,0.0,0.0,0.0,0.0,0.0,99.99931568775564,0.0,99.99982745669202,0.0,0.0,0.0,0.0,0.0,0.0,99.99934706308521,0.0,0.0,-100.0
116,0.0,0.0,100.0,0.0,64.43145409794889,0.0,100.0,100.0,0.0,0.0,0.0,0.0,0.0,0.0,0.0,0.0,0.0,0.0,0.0,100.0,0.0,100.0,0.0,0.0,0.0,0.0,0.0,0.0,99.999102114033,0.0,0.0,-100.0
117,0.0,0.0,100.0,0.0,59.75709039320313,0.0,100.0,100.0,0.0,0.0,0.0,0.0,0.0,0.0,0.0,0.0,0.0,0.0,0.0,100.0,0.0,100.0,0.0,0.0,0.0,0.0,0.0,0.0,100.0,0.0,0.0,-100.0
118,0.0,0.0,100.0,0.0,71.36422695810361,0.0,100.0,100.0,0.0,0.0,0.0,0.0,0.0,0.0,0.0,0.0,0.0,0.0,0.0,100.0,0.0,100.0,0.0,0.0,0.0,0.0,0.0,0.0,100.0,0.0,0.0,-100.0
119,0.0,0.0,100.0,0.0,78.25662787011596,0.0,100.0,100.0,0.0,0.0,0.0,0.0,0.0,0.0,0.0,0.0,0.0,0.0,0.0,100.0,0.0,100.0,0.0,0.0,0.0,0.0,0.0,0.0,100.0,0.0,0.0,-100.0
120,0.0,0.0,99.99569571505185,0.0,46.02880229717276,0.0,99.63958514923029,99.06089526623043,0.0,0.0,0.0,0.0,0.0,0.0,0.0,0.0,0.0,0.0,0.0,99.6390641799817,0.0,99.44738821995237,0.0,0.0,0.0,0.0,0.0,0.0,99.90207338042781,0.0,0.0,-100.0
121,0.0,0.0,99.9976554489936,0.0,0.0,0.0,99.37829802630577,98.06949595708006,0.0,0.0,0.0,0.0,0.0,0.0,0.0,0.0,0.0,0.0,0.0,99.38528214764979,0.0,98.96582239573465,0.0,0.0,0.0,0.0,0.0,0.0,0.0,0.0,0.0,-100.0
122,0.0,0.0,100.0,0.0,0.0,0.0,99.30356971826625,97.42126514547499,0.0,0.0,0.0,0.0,0.0,0.0,0.0,0.0,0.0,0.0,0.0,99.33783157082327,0.0,98.7890761105884,0.0,0.0,0.0,0.0,0.0,0.0,0.0,0.0,0.0,-100.0
123,0.0,0.0,99.99996729649722,0.0,0.0,0.0,99.88358641188097,98.5134363031902,0.0,0.0,0.0,0.0,0.0,0.0,0.0,0.0,0.0,0.0,0.0,99.90378313916001,0.0,99.64086856507461,0.0,0.0,0.0,0.0,0.0,0.0,0.0,0.0,0.0,-100.0
124,0.0,0.0,100.0,0.0,0.0,0.0,100.0,99.70009750500338,0.0,0.0,0.0,0.0,0.0,0.0,0.0,0.0,0.0,0.0,0.0,100.0,0.0,100.0,0.0,0.0,0.0,0.0,0.0,0.0,0.0,0.0,0.0,-100.0
125,0.0,0.0,100.0,0.0,0.0,0.0,100.0,100.0,0.0,0.0,0.0,0.0,0.0,0.0,0.0,0.0,0.0,0.0,0.0,100.0,0.0,100.0,0.0,0.0,0.0,0.0,0.0,0.0,0.0,0.0,0.0,-100.0
126,0.0,0.0,99.99954801831335,0.0,0.0,0.0,99.99968316437314,100.0,0.0,0.0,0.0,0.0,0.0,0.0,0.0,0.0,0.0,0.0,0.0,99.99966452698332,0.0,99.99647866326337,0.0,0.0,0.0,0.0,0.0,0.0,0.0,0.0,0.0,-100.0
127,0.0,0.0,100.0,0.0,0.0,0.0,99.999372729466,99.9999870866836,0.0,0.0,0.0,0.0,0.0,0.0,0.0,0.0,0.0,0.0,0.0,99.99966791559966,0.0,99.99790393736984,0.0,0.0,0.0,0.0,0.0,0.0,0.0,0.0,0.0,-100.0
128,0.0,0.0,100.0,0.0,0.0,0.0,99.99874545893202,100.0,0.0,0.0,0.0,0.0,0.0,0.0,0.0,0.0,0.0,0.0,0.0,99.9993358311993,0.0,99.99782867892081,0.0,0.0,0.0,0.0,0.0,0.0,0.0,0.0,0.0,-100.0
129,0.0,0.0,99.99981341682006,0.0,0.0,0.0,99.99987600704144,100.0,0.0,0.0,0.0,0.0,0.0,0.0,0.0,0.0,0.0,0.0,0.0,99.99946536339934,0.0,99.99170126330283,0.0,0.0,0.0,0.0,0.0,0.0,14.009429334116758,0.0,0.0,-100.0
130,0.0,0.0,100.0,0.0,0.0,0.0,99.99999999694687,100.0,0.0,0.0,0.0,0.0,0.0,0.0,0.0,0.0,0.0,0.0,0.0,100.0,0.0,99.99595608828679,0.0,0.0,0.0,0.0,0.0,0.0,71.48019615691996,0.0,0.0,-100.0
131,0.0,0.0,99.9997375697811,0.0,0.0,0.0,99.99680864163652,99.9992394870222,0.0,0.0,0.0,0.0,0.0,0.0,0.0,0.0,0.0,0.0,0.0,99.99738957642687,0.0,99.99279572939113,0.0,0.0,0.0,0.0,0.0,0.0,96.84085167810262,0.0,0.0,-100.0
132,0.0,0.0,99.99996578399603,0.0,0.0,0.0,88.32669904856702,99.99486026619887,0.0,0.0,0.0,0.0,0.0,0.0,0.0,0.0,0.0,0.0,0.0,99.99728482936365,0.0,99.99547906105444,0.0,0.0,0.0,0.0,0.0,0.0,99.99919829251257,0.0,0.0,-100.0
133,0.0,0.0,100.0,0.0,0.0,0.0,0.0,99.99922046839536,0.0,0.0,0.0,0.0,0.0,0.0,0.0,0.0,0.0,0.0,0.0,99.9999491553462,0.0,99.999925304644,0.0,0.0,0.0,0.0,0.0,0.0,0.0,0.0,0.0,-100.0
134,0.0,0.0,99.99994778812176,0.0,0.0,0.0,8.408344617070966,100.0,0.0,0.0,0.0,0.0,0.0,0.0,0.0,0.0,0.0,0.0,0.0,99.99999993411515,0.0,100.0,0.0,0.0,0.0,0.0,0.0,0.0,0.0,0.0,0.0,-100.0
135,0.0,0.0,100.0,0.0,0.0,0.0,45.67987122678385,100.0,0.0,0.0,0.0,0.0,0.0,0.0,0.0,0.0,0.0,0.0,0.0,100.0,0.0,100.0,0.0,0.0,0.0,0.0,0.0,0.0,0.0,0.0,0.0,-100.0
136,0.0,0.0,100.0,0.0,0.0,0.0,75.47339553540185,100.0,0.0,0.0,0.0,0.0,0.0,0.0,0.0,0.0,0.0,0.0,0.0,100.0,0.0,100.0,0.0,0.0,0.0,0.0,0.0,0.0,0.0,0.0,0.0,-100.0
137,0.0,0.0,100.0,0.0,0.0,0.0,93.48871110481515,100.0,0.0,0.0,0.0,0.0,0.0,0.0,0.0,0.0,0.0,0.0,0.0,100.0,0.0,100.0,0.0,0.0,0.0,0.0,0.0,0.0,0.0,0.0,0.0,-100.0
138,0.0,0.0,99.9996423367197,0.0,0.0,0.0,99.95557573733733,99.99116291976921,0.0,0.0,0.0,0.0,0.0,0.0,0.0,0.0,0.0,0.0,0.0,99.99950561749499,0.0,99.99803604515333,0.0,0.0,0.0,0.0,0.0,0.0,71.63656295111916,0.0,0.0,-100.0
139,0.0,0.0,99.99993548317919,0.0,0.0,0.0,99.99924007425719,99.99659570829571,0.0,0.0,0.0,0.0,0.0,0.0,0.0,0.0,0.0,0.0,0.0,99.99900379735688,0.0,99.9989401727198,0.0,0.0,0.0,0.0,0.0,0.0,97.03753308047253,0.0,0.0,-100.0
140,0.0,0.0,100.0,0.0,0.0,0.0,100.0,99.9977227711813,0.0,0.0,0.0,0.0,0.0,0.0,0.0,0.0,0.0,0.0,0.0,100.0,0.0,100.0,0.0,0.0,0.0,0.0,0.0,0.0,100.0,0.0,0.0,-100.0
141,0.0,0.0,100.0,0.0,0.0,0.0,100.0,100.0,0.0,0.0,0.0,0.0,0.0,0.0,0.0,0.0,0.0,0.0,0.0,100.0,0.0,100.0,0.0,0.0,0.0,0.0,0.0,0.0,100.0,0.0,0.0,-100.0
142,0.0,0.0,100.0,0.0,0.0,0.0,100.0,100.0,0.0,0.0,0.0,0.0,0.0,0.0,0.0,0.0,0.0,0.0,0.0,100.0,0.0,100.0,0.0,0.0,0.0,0.0,0.0,0.0,100.0,0.0,0.0,-100.0
143,0.0,0.0,100.0,0.0,0.0,0.0,100.0,100.0,0.0,0.0,0.0,0.0,0.0,0.0,0.0,0.0,0.0,0.0,0.0,100.0,0.0,100.0,0.0,0.0,0.0,0.0,0.0,0.0,100.0,0.0,0.0,-100.0
144,0.0,0.0,99.9957999873586,0.0,0.0,0.0,99.76334815223056,99.385447465367,0.0,0.0,0.0,0.0,0.0,0.0,0.0,0.0,0.0,0.0,0.0,99.78856564527406,0.0,99.65861591021141,0.0,0.0,0.0,0.0,0.0,0.0,99.9471986903001,0.0,0.0,-100.0
145,0.0,0.0,100.0,0.0,0.0,0.0,99.896284943023,99.64109990040366,0.0,0.0,0.0,0.0,0.0,0.0,0.0,0.0,0.0,0.0,0.0,99.94985390834428,0.0,99.88090240370528,0.0,0.0,0.0,0.0,0.0,0.0,0.0,0.0,0.0,-100.0
146,0.0,0.0,99.99989177390407,0.0,0.0,0.0,99.91907159970128,99.64353400636674,0.0,0.0,0.0,0.0,0.0,0.0,0.0,0.0,0.0,0.0,0.0,99.94431130982487,0.0,99.89407291019984,0.0,0.0,0.0,0.0,0.0,0.0,0.0,0.0,0.0,-100.0
147,0.0,0.0,100.0,0.0,0.0,0.0,99.99384152585988,99.9010491300441,0.0,0.0,0.0,0.0,0.0,0.0,0.0,0.0,0.0,0.0,0.0,99.99575756578227,0.0,99.98780597400412,0.0,0.0,0.0,0.0,0.0,0.0,0.0,0.0,0.0,-100.0
148,0.0,0.0,100.0,0.0,0.0,0.0,100.0,100.0,0.0,0.0,0.0,0.0,0.0,0.0,0.0,0.0,0.0,0.0,0.0,100.0,0.0,100.0,0.0,0.0,0.0,0.0,0.0,0.0,0.0,0.0,0.0,-100.0
149,0.0,0.0,100.0,0.0,0.0,0.0,100.0,100.0,0.0,0.0,0.0,0.0,0.0,0.0,0.0,0.0,0.0,0.0,0.0,100.0,0.0,100.0,0.0,0.0,0.0,0.0,0.0,0.0,0.0,0.0,0.0,-100.0
150,0.0,0.0,99.9990501712075,0.0,0.0,0.0,99.99999999629974,100.0,0.0,0.0,0.0,0.0,0.0,0.0,0.0,0.0,0.0,0.0,0.0,99.99899358094997,0.0,99.99651131576202,0.0,0.0,0.0,0.0,0.0,0.0,0.0,0.0,0.0,-100.0
151,0.0,0.0,100.0,0.0,0.0,0.0,99.99874545893202,99.99999958031303,0.0,0.0,0.0,0.0,0.0,0.0,0.0,0.0,0.0,0.0,0.0,99.9993358311993,0.0,99.99782867892081,0.0,0.0,0.0,0.0,0.0,0.0,0.0,0.0,0.0,-100.0
152,0.0,0.0,100.0,0.0,0.0,0.0,99.99905909419901,99.99999994813975,0.0,0.0,0.0,0.0,0.0,0.0,0.0,0.0,0.0,0.0,0.0,99.99966791559966,0.0,99.99782867892081,0.0,0.0,0.0,0.0,0.0,0.0,0.0,0.0,0.0,-100.0
153,0.0,0.0,99.99980134840645,0.0,0.0,0.0,99.99968315897108,100.0,0.0,0.0,0.0,0.0,0.0,0.0,0.0,0.0,0.0,0.0,0.0,99.99899357192247,0.0,99.99374859621877,0.0,0.0,0.0,0.0,0.0,0.0,0.0,0.0,0.0,-100.0
154,0.0,0.0,99.99983152383496,0.0,0.0,0.0,99.99999999929845,100.0,0.0,0.0,0.0,0.0,0.0,0.0,0.0,0.0,0.0,0.0,0.0,99.99827032791386,0.0,99.99648593159617,0.0,0.0,0.0,0.0,0.0,0.0,33.78253472380951,0.0,0.0,-100.0
155,0.0,0.0,99.99981089535005,0.0,0.0,0.0,99.99747624322913,99.9966748750612,0.0,0.0,0.0,0.0,0.0,0.0,0.0,0.0,0.0,0.0,0.0,99.99598895924461,0.0,99.99735672295395,0.0,0.0,0.0,0.0,0.0,0.0,80.16641447948611,0.0,0.0,-100.0
156,0.0,0.0,99.99997963560861,0.0,0.0,0.0,99.99811490841336,99.99635584024371,0.0,0.0,0.0,0.0,0.0,0.0,0.0,0.0,0.0,0.0,0.0,99.99949878149391,0.0,99.99872423983398,0.0,0.0,0.0,0.0,0.0,0.0,90.5985540562024,0.0,0.0,-100.0
157,0.0,0.0,99.99999083573472,0.0,0.0,0.0,99.99867311179318,99.99575171381724,0.0,0.0,0.0,0.0,0.0,0.0,0.0,0.0,0.0,0.0,0.0,99.9987616427448,0.0,99.99769000804554,0.0,0.0,0.0,0.0,0.0,0.0,0.0,0.0,0.0,-100.0
158,0.0,0.0,100.0,0.0,0.0,0.0,99.9999985848068,99.99997888791208,0.0,0.0,0.0,0.0,0.0,0.0,0.0,0.0,0.0,0.0,0.0,99.9999988140908,0.0,99.9999984585174,0.0,0.0,0.0,0.0,0.0,0.0,0.0,0.0,0.0,-100.0
159,0.0,0.0,100.0,0.0,0.0,0.0,100.0,100.0,0.0,0.0,0.0,0.0,0.0,0.0,0.0,0.0,0.0,0.0,0.0,100.0,0.0,100.0,0.0,0.0,0.0,0.0,0.0,0.0,0.0,0.0,0.0,-100.0
160,0.0,0.0,100.0,0.0,0.0,0.0,100.0,100.0,0.0,0.0,0.0,0.0,0.0,0.0,0.0,0.0,0.0,0.0,0.0,100.0,0.0,100.0,0.0,0.0,0.0,0.0,0.0,0.0,0.0,0.0,0.0,-100.0
161,0.0,0.0,100.0,0.0,0.0,0.0,100.0,100.0,0.0,0.0,0.0,0.0,0.0,0.0,0.0,0.0,0.0,0.0,0.0,100.0,0.0,100.0,0.0,0.0,0.0,0.0,0.0,0.0,0.0,0.0,0.0,-100.0
162,0.0,0.0,99.9994673602549,0.0,0.0,0.0,100.0,100.0,0.0,0.0,0.0,0.0,0.0,0.0,0.0,0.0,0.0,0.0,0.0,99.99975280935614,0.0,99.99803209596709,0.0,0.0,0.0,0.0,0.0,0.0,88.0585479560379,0.0,0.0,-100.0
163,0.0,0.0,99.99975453453241,0.0,0.0,0.0,99.99963947331413,99.99334417475998,0.0,0.0,0.0,0.0,0.0,0.0,0.0,0.0,0.0,0.0,0.0,99.99963045993437,0.0,99.99884342256445,0.0,0.0,0.0,0.0,0.0,0.0,99.88269009206788,0.0,0.0,-100.0
164,0.0,0.0,99.99968736951762,0.0,0.0,0.0,100.0,99.99487099084013,0.0,0.0,0.0,0.0,0.0,0.0,0.0,0.0,0.0,0.0,0.0,100.0,0.0,99.99889376905018,0.0,0.0,0.0,0.0,0.0,0.0,99.99576981726491,0.0,0.0,-100.0
165,0.0,0.0,100.0,0.0,0.0,0.0,100.0,100.0,0.0,0.0,0.0,0.0,0.0,0.0,0.0,0.0,0.0,0.0,0.0,100.0,0.0,100.0,0.0,0.0,0.0,0.0,0.0,0.0,100.0,0.0,0.0,-100.0
166,0.0,0.0,100.0,0.0,0.0,0.0,100.0,100.0,0.0,0.0,0.0,0.0,0.0,0.0,0.0,0.0,0.0,0.0,0.0,100.0,0.0,100.0,0.0,0.0,0.0,0.0,0.0,0.0,100.0,0.0,0.0,-100.0
167,0.0,0.0,100.0,0.0,0.0,0.0,100.0,100.0,0.0,0.0,0.0,0.0,0.0,0.0,0.0,0.0,0.0,0.0,0.0,100.0,0.0,100.0,0.0,0.0,0.0,0.0,0.0,0.0,100.0,0.0,0.0,-100.0
168,0.0,0.0,99.98890030964735,0.0,0.0,0.0,99.65127321704978,99.06175835838576,0.0,0.0,0.0,0.0,0.0,0.0,0.0,0.0,0.0,0.0,0.0,99.64310140339127,0.0,99.44244873226211,0.0,0.0,0.0,0.0,0.0,0.0,99.91439907594237,0.0,0.0,-100.0
169,0.0,0.0,99.99377436131984,0.0,0.0,0.0,99.34002940352408,97.8994720981108,0.0,0.0,0.0,0.0,0.0,0.0,0.0,0.0,0.0,0.0,0.0,99.32387889399959,0.0,98.8572815452131,0.0,0.0,0.0,0.0,0.0,0.0,0.0,0.0,0.0,-100.0
170,0.0,0.0,99.99943944879539,0.0,0.0,0.0,0.0,99.97541569200601,0.0,0.0,0.0,0.0,0.0,0.0,0.0,0.0,0.0,0.0,0.0,99.88492428979372,0.0,0.0,0.0,0.0,0.0,0.0,0.0,0.0,0.0,0.0,0.0,-100.0
171,0.0,0.0,99.99953773762368,0.0,0.0,0.0,0.0,99.9777418490195,0.0,0.0,0.0,0.0,0.0,0.0,0.0,0.0,0.0,0.0,0.0,99.99944228056977,0.0,0.0,0.0,0.0,0.0,0.0,0.0,0.0,0.0,0.0,0.0,-100.0
172,0.0,0.0,100.0,0.0,0.0,0.0,0.0,100.0,0.0,0.0,0.0,0.0,0.0,0.0,0.0,0.0,0.0,0.0,0.0,100.0,0.0,0.0,0.0,0.0,0.0,0.0,0.0,0.0,0.0,0.0,0.0,-100.0
173,0.0,0.0,100.0,0.0,0.0,0.0,0.0,100.0,0.0,0.0,0.0,0.0,0.0,0.0,0.0,0.0,0.0,0.0,0.0,100.0,0.0,0.0,0.0,0.0,0.0,0.0,0.0,0.0,0.0,0.0,0.0,-100.0
174,0.0,0.0,99.99924803950296,0.0,0.0,0.0,67.92408881032122,100.0,0.0,0.0,0.0,0.0,0.0,0.0,0.0,0.0,0.0,0.0,0.0,99.99860947463108,0.0,72.09214142039131,0.0,0.0,0.0,0.0,0.0,0.0,0.0,0.0,0.0,-100.0
175,0.0,0.0,99.99938379585103,0.0,0.0,0.0,94.0999069011976,100.0,0.0,0.0,0.0,0.0,0.0,0.0,0.0,0.0,0.0,0.0,0.0,99.99985544042252,0.0,96.1190630800046,0.0,0.0,0.0,0.0,0.0,0.0,0.0,0.0,0.0,-100.0
176,0.0,0.0,100.0,0.0,0.0,0.0,99.97935801287618,99.99999861316788,0.0,0.0,0.0,0.0,0.0,0.0,0.0,0.0,0.0,0.0,0.0,99.99966791559966,0.0,99.99766658059535,0.0,0.0,0.0,0.0,0.0,0.0,0.0,0.0,0.0,-100.0
177,0.0,0.0,99.99959179761589,0.0,0.0,0.0,99.99902762600031,100.0,0.0,0.0,0.0,0.0,0.0,0.0,0.0,0.0,0.0,0.0,0.0,99.99966452698332,0.0,99.99779518467669,0.0,0.0,0.0,0.0,0.0,0.0,0.0,0.0,0.0,-100.0
178,0.0,0.0,99.99999995335888,0.0,0.0,0.0,99.99950861228506,100.0,0.0,0.0,0.0,0.0,0.0,0.0,0.0,0.0,0.0,0.0,0.0,99.99791213755455,0.0,99.99849293048015,0.0,0.0,0.0,0.0,0.0,0.0,28.524500164145845,0.0,0.0,-100.0
179,0.0,0.0,99.99954420674094,0.0,0.0,0.0,99.99733488542641,99.99824449603359,0.0,0.0,0.0,0.0,0.0,0.0,0.0,0.0,0.0,0.0,0.0,99.99694810474178,0.0,99.99220186827664,0.0,0.0,0.0,0.0,0.0,0.0,77.36143522414883,0.0,0.0,-100.0
180,0.0,0.0,99.99988268329729,0.0,0.0,0.0,99.99947736229925,100.0,0.0,0.0,0.0,0.0,0.0,0.0,0.0,0.0,0.0,0.0,0.0,99.99999256369112,0.0,99.99999980686503,0.0,0.0,0.0,0.0,0.0,0.0,86.63663220923809,0.0,0.0,-100.0
181,0.0,0.0,99.99999988530239,0.0,0.0,0.0,99.08826876146442,99.99641773667672,0.0,0.0,0.0,0.0,0.0,0.0,0.0,0.0,0.0,0.0,0.0,99.9994082602346,0.0,99.99824577907543,0.0,0.0,0.0,0.0,0.0,0.0,84.62615823082857,0.0,0.0,-100.0
182,0.0,0.0,100.0,0.0,0.0,0.0,19.33378999382643,99.99913475059552,0.0,0.0,0.0,0.0,0.0,0.0,0.0,0.0,0.0,0.0,0.0,99.99999885924204,0.0,100.0,0.0,0.0,0.0,0.0,0.0,0.0,0.0,0.0,0.0,-100.0
183,0.0,0.0,100.0,0.0,0.0,0.0,52.83839753266242,100.0,0.0,0.0,0.0,0.0,0.0,0.0,0.0,0.0,0.0,0.0,0.0,100.0,0.0,100.0,0.0,0.0,0.0,0.0,0.0,0.0,0.0,0.0,0.0,-100.0
184,0.0,0.0,100.0,0.0,0.0,0.0,79.91024985338235,100.0,0.0,0.0,0.0,0.0,0.0,0.0,0.0,0.0,0.0,0.0,0.0,100.0,0.0,100.0,0.0,0.0,0.0,0.0,0.0,0.0,0.0,0.0,0.0,-100.0
185,0.0,0.0,100.0,0.0,0.0,0.0,95.50706269081012,100.0,0.0,0.0,0.0,0.0,0.0,0.0,0.0,0.0,0.0,0.0,0.0,100.0,0.0,100.0,0.0,0.0,0.0,0.0,0.0,0.0,39.61066456885698,0.0,0.0,-100.0
186,0.0,0.0,99.99975325068414,0.0,0.0,0.0,99.9838623233345,100.0,0.0,0.0,0.0,0.0,0.0,0.0,0.0,0.0,0.0,0.0,0.0,99.9991775375639,0.0,99.99824804433719,0.0,0.0,0.0,0.0,0.0,0.0,95.59022342978042,0.0,0.0,-100.0
187,0.0,0.0,99.9999587373439,0.0,0.0,0.0,99.9983732435328,99.99390541632319,0.0,0.0,0.0,0.0,0.0,0.0,0.0,0.0,0.0,0.0,0.0,99.99922235353482,0.0,99.99776025802254,0.0,0.0,0.0,0.0,0.0,0.0,99.99796732926912,0.0,0.0,-100.0
188,0.0,0.0,100.0,0.0,0.0,0.0,100.0,99.99832370346999,0.0,0.0,0.0,0.0,0.0,0.0,0.0,0.0,0.0,0.0,0.0,100.0,0.0,100.0,0.0,0.0,0.0,0.0,0.0,0.0,100.0,0.0,0.0,-100.0
189,0.0,0.0,100.0,0.0,0.0,0.0,100.0,100.0,0.0,0.0,0.0,0.0,0.0,0.0,0.0,0.0,0.0,0.0,0.0,100.0,0.0,100.0,0.0,0.0,0.0,0.0,0.0,0.0,100.0,0.0,0.0,-100.0
190,0.0,0.0,100.0,0.0,0.0,0.0,100.0,100.0,0.0,0.0,0.0,0.0,0.0,0.0,0.0,0.0,0.0,0.0,0.0,100.0,0.0,100.0,0.0,0.0,0.0,0.0,0.0,0.0,100.0,0.0,0.0,-100.0
191,0.0,0.0,100.0,0.0,0.0,0.0,100.0,100.0,0.0,0.0,0.0,0.0,0.0,0.0,0.0,0.0,0.0,0.0,0.0,100.0,0.0,100.0,0.0,0.0,0.0,0.0,0.0,0.0,100.0,0.0,0.0,-100.0
192,0.0,0.0,99.9910064920257,0.0,0.0,0.0,99.6518128690641,99.06398328175369,0.0,0.0,0.0,0.0,0.0,0.0,0.0,0.0,0.0,0.0,0.0,99.64284019590451,0.0,99.44257852052053,0.0,0.0,0.0,0.0,0.0,0.0,99.9145635604885,0.0,0.0,-100.0
193,0.0,0.0,99.99449243559879,0.0,0.0,0.0,18.22784403308411,97.93633426231669,0.0,0.0,0.0,0.0,0.0,0.0,0.0,0.0,0.0,0.0,0.0,99.34922991568276,0.0,98.89350216528946,0.0,0.0,0.0,0.0,0.0,0.0,0.0,0.0,0.0,-100.0
194,0.0,0.0,100.0,0.0,0.0,0.0,0.0,98.36206441111744,0.0,0.0,0.0,0.0,0.0,0.0,0.0,0.0,0.0,0.0,0.0,99.74918018585093,0.0,0.0,0.0,0.0,0.0,0.0,0.0,0.0,0.0,0.0,0.0,-100.0
195,0.0,0.0,100.0,0.0,0.0,0.0,0.0,99.24873495570506,0.0,0.0,0.0,0.0,0.0,0.0,0.0,0.0,0.0,0.0,0.0,0.0,0.0,0.0,0.0,0.0,0.0,0.0,0.0,0.0,0.0,0.0,0.0,-100.0
196,0.0,0.0,100.0,0.0,0.0,0.0,0.0,99.96011552480236,0.0,0.0,0.0,0.0,0.0,0.0,0.0,0.0,0.0,0.0,0.0,0.0,0.0,0.0,0.0,0.0,0.0,0.0,0.0,0.0,0.0,0.0,0.0,-100.0
197,0.0,0.0,100.0,0.0,0.0,0.0,0.0,100.0,0.0,0.0,0.0,0.0,0.0,0.0,0.0,0.0,0.0,0.0,0.0,0.0,0.0,0.0,0.0,0.0,0.0,0.0,0.0,0.0,0.0,0.0,0.0,-100.0
198,0.0,0.0,99.99946650192305,0.0,0.0,0.0,0.0,100.0,0.0,0.0,0.0,0.0,0.0,0.0,0.0,0.0,0.0,0.0,0.0,98.18036715082454,0.0,77.55534193713429,0.0,0.0,0.0,0.0,0.0,0.0,0.0,0.0,0.0,-100.0
199,0.0,0.0,99.99974687075785,0.0,0.0,0.0,0.0,100.0,0.0,0.0,0.0,0.0,0.0,0.0,0.0,0.0,0.0,0.0,0.0,99.9932012128358,0.0,97.71418443996352,0.0,0.0,0.0,0.0,0.0,0.0,0.0,0.0,0.0,-100.0
200,0.0,0.0,100.0,0.0,0.0,0.0,0.0,100.0,0.0,0.0,0.0,0.0,0.0,0.0,0.0,0.0,0.0,0.0,0.0,99.99665273056294,0.0,99.99891865105968,0.0,0.0,0.0,0.0,0.0,0.0,0.0,0.0,0.0,-100.0
201,0.0,0.0,99.9989701448735,0.0,0.0,0.0,48.33657022378616,100.0,0.0,0.0,0.0,0.0,0.0,0.0,0.0,0.0,0.0,0.0,0.0,99.99880846196811,0.0,99.99533019564784,0.0,0.0,0.0,0.0,0.0,0.0,0.0,0.0,0.0,-100.0
202,0.0,0.0,99.99839596661107,0.0,0.0,0.0,87.40930933629276,100.0,0.0,0.0,0.0,0.0,0.0,0.0,0.0,0.0,0.0,0.0,0.0,99.99982623908174,0.0,99.99748142553692,0.0,0.0,0.0,0.0,0.0,0.0,0.0,0.0,0.0,-100.0
203,0.0,0.0,99.99915057200978,0.0,0.0,0.0,99.64238135457714,99.99910373315278,0.0,0.0,0.0,0.0,0.0,0.0,0.0,0.0,0.0,0.0,0.0,99.99661413395212,0.0,99.99603377970303,0.0,0.0,0.0,0.0,0.0,0.0,49.63091242953767,0.0,0.0,-100.0
204,0.0,0.0,99.99999705999221,0.0,0.0,0.0,79.50346431522775,99.99656672954532,0.0,0.0,0.0,0.0,0.0,0.0,0.0,0.0,0.0,0.0,0.0,99.99958231178032,0.0,99.99822722688982,0.0,0.0,0.0,0.0,0.0,0.0,38.96310825772286,0.0,0.0,-100.0
205,0.0,0.0,99.99999971569245,0.0,0.0,0.0,0.0,99.99877359703349,0.0,0.0,0.0,0.0,0.0,0.0,0.0,0.0,0.0,0.0,0.0,99.99971703698127,0.0,99.99944826017281,0.0,0.0,0.0,0.0,0.0,0.0,0.0,0.0,0.0,-100.0
206,0.0,0.0,99.99999962489882,0.0,0.0,0.0,0.0,100.0,0.0,0.0,0.0,0.0,0.0,0.0,0.0,0.0,0.0,0.0,0.0,99.99999396509818,0.0,99.99999976553305,0.0,0.0,0.0,0.0,0.0,0.0,0.0,0.0,0.0,-100.0
207,0.0,0.0,100.0,0.0,0.0,0.0,0.0,100.0,0.0,0.0,0.0,0.0,0.0,0.0,0.0,0.0,0.0,0.0,0.0,100.0,0.0,100.0,0.0,0.0,0.0,0.0,0.0,0.0,0.0,0.0,0.0,-100.0
208,0.0,0.0,100.0,0.0,0.0,0.0,0.0,100.0,0.0,0.0,0.0,0.0,0.0,0.0,0.0,0.0,0.0,0.0,0.0,100.0,0.0,100.0,0.0,0.0,0.0,0.0,0.0,0.0,0.0,0.0,0.0,-100.0
209,0.0,0.0,100.0,0.0,0.0,0.0,0.0,100.0,0.0,0.0,0.0,0.0,0.0,0.0,0.0,0.0,0.0,0.0,0.0,100.0,0.0,100.0,0.0,0.0,0.0,0.0,0.0,0.0,0.0,0.0,0.0,-100.0
210,0.0,0.0,99.99887691490572,0.0,0.0,0.0,23.261891408369504,100.0,0.0,0.0,0.0,0.0,0.0,0.0,0.0,0.0,0.0,0.0,0.0,99.99988628180739,0.0,99.99669531112099,0.0,0.0,0.0,0.0,0.0,0.0,24.140296983372252,0.0,0.0,-100.0
211,0.0,0.0,99.99979921759254,0.0,0.0,0.0,73.42507530499985,99.99743237631434,0.0,0.0,0.0,0.0,0.0,0.0,0.0,0.0,0.0,0.0,0.0,99.99925156157958,0.0,99.99775187351985,0.0,0.0,0.0,0.0,0.0,0.0,76.02224643009072,0.0,0.0,-100.0
212,0.0,0.0,99.99963293731399,0.0,0.0,0.0,68.28530688276835,99.99803895422532,0.0,0.0,0.0,0.0,0.0,0.0,0.0,0.0,0.0,0.0,0.0,100.0,0.0,99.99894405227518,0.0,0.0,0.0,0.0,0.0,0.0,77.58229001691645,0.0,0.0,-100.0
213,0.0,0.0,100.0,0.0,0.0,0.0,63.91109155200414,100.0,0.0,0.0,0.0,0.0,0.0,0.0,0.0,0.0,0.0,0.0,0.0,100.0,0.0,100.0,0.0,0.0,0.0,0.0,0.0,0.0,78.6200155286654,0.0,0.0,-100.0
214,0.0,0.0,100.0,0.0,0.0,0.0,74.23715008145153,100.0,0.0,0.0,0.0,0.0,0.0,0.0,0.0,0.0,0.0,0.0,0.0,100.0,0.0,100.0,0.0,0.0,0.0,0.0,0.0,0.0,87.51119898368597,0.0,0.0,-100.0
215,0.0,0.0,100.0,0.0,0.0,0.0,80.35064353801803,100.0,0.0,0.0,0.0,0.0,0.0,0.0,0.0,0.0,0.0,0.0,0.0,100.0,0.0,100.0,0.0,0.0,0.0,0.0,0.0,0.0,93.04582827448877,0.0,0.0,-100.0
216,0.0,0.0,99.9948494706479,0.0,0.0,0.0,64.97651103297706,99.13920537525729,0.0,0.0,0.0,0.0,0.0,0.0,0.0,0.0,0.0,0.0,0.0,99.76077847319864,0.0,99.55336974270482,0.0,0.0,0.0,0.0,0.0,0.0,92.02906213698809,0.0,0.0,-100.0
217,0.0,0.0,99.99839236177667,0.0,0.0,0.0,0.0,99.03322397298867,0.0,0.0,0.0,0.0,0.0,0.0,0.0,0.0,0.0,0.0,0.0,99.82458183895415,0.0,19.252332250221286,0.0,0.0,0.0,0.0,0.0,0.0,0.0,0.0,0.0,-100.0
218,0.0,0.0,99.99997711828517,0.0,0.0,0.0,0.0,98.94761480735038,0.0,0.0,0.0,0.0,0.0,0.0,0.0,0.0,0.0,0.0,0.0,99.82306705730443,0.0,0.0,0.0,0.0,0.0,0.0,0.0,0.0,0.0,0.0,0.0,-100.0
219,0.0,0.0,100.0,0.0,0.0,0.0,0.0,99.54569856938458,0.0,0.0,0.0,0.0,0.0,0.0,0.0,0.0,0.0,0.0,0.0,99.99301641005971,0.0,0.0,0.0,0.0,0.0,0.0,0.0,0.0,0.0,0.0,0.0,-100.0
220,0.0,0.0,100.0,0.0,0.0,0.0,0.0,99.99060251345415,0.0,0.0,0.0,0.0,0.0,0.0,0.0,0.0,0.0,0.0,0.0,100.0,0.0,0.0,0.0,0.0,0.0,0.0,0.0,0.0,0.0,0.0,0.0,-100.0
221,0.0,0.0,100.0,0.0,0.0,0.0,0.0,100.0,0.0,0.0,0.0,0.0,0.0,0.0,0.0,0.0,0.0,0.0,0.0,100.0,0.0,0.0,0.0,0.0,0.0,0.0,0.0,0.0,0.0,0.0,0.0,-100.0
222,0.0,0.0,99.99774759797018,0.0,0.0,0.0,0.0,100.0,0.0,0.0,0.0,0.0,0.0,0.0,0.0,0.0,0.0,0.0,0.0,99.99597112132602,0.0,63.343544808232224,0.0,0.0,0.0,0.0,0.0,0.0,0.0,0.0,0.0,-100.0
223,0.0,0.0,100.0,0.0,0.0,0.0,0.0,100.0,0.0,0.0,0.0,0.0,0.0,0.0,0.0,0.0,0.0,0.0,0.0,99.99754925673192,0.0,92.79615892920641,0.0,0.0,0.0,0.0,0.0,0.0,0.0,0.0,0.0,-100.0
224,0.0,0.0,100.0,0.0,0.0,0.0,0.0,99.99999742526941,0.0,0.0,0.0,0.0,0.0,0.0,0.0,0.0,0.0,0.0,0.0,99.99997666314518,0.0,99.9616518500376,0.0,0.0,0.0,0.0,0.0,0.0,0.0,0.0,0.0,-100.0
225,0.0,0.0,99.99950385898939,0.0,0.0,0.0,0.0,100.0,0.0,0.0,0.0,0.0,0.0,0.0,0.0,0.0,0.0,0.0,0.0,99.9988516671256,0.0,99.9981598093505,0.0,0.0,0.0,0.0,0.0,0.0,0.0,0.0,0.0,-100.0
226,0.0,0.0,99.99955957484589,0.0,0.0,0.0,0.0,100.0,0.0,0.0,0.0,0.0,0.0,0.0,0.0,0.0,0.0,0.0,0.0,99.99935773488016,0.0,99.99869793421522,0.0,0.0,0.0,0.0,0.0,0.0,0.0,0.0,0.0,-100.0
227,0.0,0.0,99.99961402521915,0.0,0.0,0.0,0.0,99.99846975431936,0.0,0.0,0.0,0.0,0.0,0.0,0.0,0.0,0.0,0.0,0.0,99.99764315274993,0.0,99.99427031291783,0.0,0.0,0.0,0.0,0.0,0.0,10.941398489555459,0.0,0.0,-100.0
228,0.0,0.0,99.99974798434866,0.0,0.0,0.0,0.0,99.99965240611428,0.0,0.0,0.0,0.0,0.0,0.0,0.0,0.0,0.0,0.0,0.0,99.9976139860629,0.0,99.99597847654447,0.0,0.0,0.0,0.0,0.0,0.0,0.0,0.0,0.0,-100.0
229,0.0,0.0,99.99992399450565,0.0,0.0,0.0,0.0,99.99968882788609,0.0,0.0,0.0,0.0,0.0,0.0,0.0,0.0,0.0,0.0,0.0,99.99999656310399,0.0,58.38305379594983,0.0,0.0,0.0,0.0,0.0,0.0,0.0,0.0,0.0,-100.0
230,0.0,0.0,100.0,0.0,0.0,0.0,0.0,100.0,0.0,0.0,0.0,0.0,0.0,0.0,0.0,0.0,0.0,0.0,0.0,100.0,0.0,0.0,0.0,0.0,0.0,0.0,0.0,0.0,0.0,0.0,0.0,-100.0
231,0.0,0.0,100.0,0.0,0.0,0.0,0.0,100.0,0.0,0.0,0.0,0.0,0.0,0.0,0.0,0.0,0.0,0.0,0.0,100.0,0.0,39.79316728103222,0.0,0.0,0.0,0.0,0.0,0.0,0.0,0.0,0.0,-100.0
232,0.0,0.0,100.0,0.0,0.0,0.0,0.0,100.0,0.0,0.0,0.0,0.0,0.0,0.0,0.0,0.0,0.0,0.0,0.0,100.0,0.0,72.56535509181819,0.0,0.0,0.0,0.0,0.0,0.0,0.0,0.0,0.0,-100.0
233,0.0,0.0,100.0,0.0,0.0,0.0,0.0,100.0,0.0,0.0,0.0,0.0,0.0,0.0,0.0,0.0,0.0,0.0,0.0,100.0,0.0,92.5270757558486,0.0,0.0,0.0,0.0,0.0,0.0,47.77949562410352,0.0,0.0,-100.0
234,0.0,0.0,99.99967920941629,0.0,0.0,0.0,0.0,100.0,0.0,0.0,0.0,0.0,0.0,0.0,0.0,0.0,0.0,0.0,0.0,99.99939585672433,0.0,99.94707033894429,0.0,0.0,0.0,0.0,0.0,0.0,96.84662824191508,0.0,0.0,-100.0
235,0.0,0.0,99.99956887430096,0.0,0.0,0.0,0.0,99.99628430057874,0.0,0.0,0.0,0.0,0.0,0.0,0.0,0.0,0.0,0.0,0.0,99.99892969653776,0.0,99.99932824716512,0.0,0.0,0.0,0.0,0.0,0.0,99.99804674769041,0.0,0.0,-100.0
236,0.0,0.0,99.99995202036493,0.0,0.0,0.0,0.0,100.0,0.0,0.0,0.0,0.0,0.0,0.0,0.0,0.0,0.0,0.0,0.0,100.0,0.0,100.0,0.0,0.0,0.0,0.0,0.0,0.0,100.0,0.0,0.0,-100.0
237,0.0,0.0,100.0,0.0,0.0,0.0,0.0,100.0,0.0,0.0,0.0,0.0,0.0,0.0,0.0,0.0,0.0,0.0,0.0,100.0,0.0,100.0,0.0,0.0,0.0,0.0,0.0,0.0,100.0,0.0,0.0,-100.0
238,0.0,0.0,100.0,0.0,0.0,0.0,0.0,100.0,0.0,0.0,0.0,0.0,0.0,0.0,0.0,0.0,0.0,0.0,0.0,100.0,0.0,100.0,0.0,0.0,0.0,0.0,0.0,0.0,100.0,0.0,0.0,-100.0
239,0.0,0.0,100.0,0.0,0.0,0.0,0.0,100.0,0.0,0.0,0.0,0.0,0.0,0.0,0.0,0.0,0.0,0.0,0.0,100.0,0.0,100.0,0.0,0.0,0.0,0.0,0.0,0.0,100.0,0.0,0.0,-100.0
240,0.0,0.0,99.991066111659,0.0,0.0,0.0,0.0,99.06170441645547,0.0,0.0,0.0,0.0,0.0,0.0,0.0,0.0,0.0,0.0,0.0,99.64276101257272,0.0,99.44204925370843,0.0,0.0,0.0,0.0,0.0,0.0,99.91495846348866,0.0,0.0,-100.0
241,0.0,0.0,99.9942194183123,0.0,0.0,0.0,0.0,98.0370088215485,0.0,0.0,0.0,0.0,0.0,0.0,0.0,0.0,0.0,0.0,0.0,99.5186386393891,0.0,0.0,0.0,0.0,0.0,0.0,0.0,0.0,0.0,0.0,0.0,-100.0
242,0.0,0.0,99.9999827709693,0.0,0.0,0.0,0.0,98.44119862133627,0.0,0.0,0.0,0.0,0.0,0.0,0.0,0.0,0.0,0.0,0.0,0.0,0.0,0.0,0.0,0.0,0.0,0.0,0.0,0.0,0.0,0.0,0.0,-100.0
243,0.0,0.0,99.99999704565599,0.0,0.0,0.0,0.0,98.77735548731506,0.0,0.0,0.0,0.0,0.0,0.0,0.0,0.0,0.0,0.0,0.0,0.0,0.0,0.0,0.0,0.0,0.0,0.0,0.0,0.0,0.0,0.0,0.0,-100.0
244,0.0,0.0,100.0,0.0,0.0,0.0,0.0,99.84176994186836,0.0,0.0,0.0,0.0,0.0,0.0,0.0,0.0,0.0,0.0,0.0,0.0,0.0,0.0,0.0,0.0,0.0,0.0,0.0,0.0,0.0,0.0,0.0,-100.0
245,0.0,0.0,100.0,0.0,0.0,0.0,0.0,100.0,0.0,0.0,0.0,0.0,0.0,0.0,0.0,0.0,0.0,0.0,0.0,0.0,0.0,0.0,0.0,0.0,0.0,0.0,0.0,0.0,0.0,0.0,0.0,-100.0
246,0.0,0.0,99.99750412333717,0.0,0.0,0.0,0.0,100.0,0.0,0.0,0.0,0.0,0.0,0.0,0.0,0.0,0.0,0.0,0.0,0.0,0.0,0.0,0.0,0.0,0.0,0.0,0.0,0.0,0.0,0.0,0.0,-100.0
247,0.0,0.0,100.0,0.0,0.0,0.0,0.0,100.0,0.0,0.0,0.0,0.0,0.0,0.0,0.0,0.0,0.0,0.0,0.0,0.0,0.0,0.0,0.0,0.0,0.0,0.0,0.0,0.0,0.0,0.0,0.0,-100.0
248,0.0,0.0,100.0,0.0,0.0,0.0,0.0,100.0,0.0,0.0,0.0,0.0,0.0,0.0,0.0,0.0,0.0,0.0,0.0,0.0,0.0,0.0,0.0,0.0,0.0,0.0,0.0,0.0,0.0,0.0,0.0,-100.0
249,0.0,0.0,99.99750412333717,0.0,0.0,0.0,0.0,100.0,0.0,0.0,0.0,0.0,0.0,0.0,0.0,0.0,0.0,0.0,0.0,18.107042356255562,0.0,0.0,0.0,0.0,0.0,0.0,0.0,0.0,0.0,0.0,0.0,-100.0
250,0.0,0.0,100.0,0.0,0.0,0.0,0.0,100.0,0.0,0.0,0.0,0.0,0.0,0.0,0.0,0.0,0.0,0.0,0.0,73.94383933113538,0.0,0.0,0.0,0.0,0.0,0.0,0.0,0.0,0.0,0.0,0.0,-100.0
251,0.0,0.0,99.99982223902691,0.0,0.0,0.0,0.0,99.99923474592957,0.0,0.0,0.0,0.0,0.0,0.0,0.0,0.0,0.0,0.0,0.0,97.50797491573255,0.0,0.0,0.0,0.0,0.0,0.0,0.0,0.0,0.0,0.0,0.0,-100.0
252,0.0,0.0,99.99993964165319,0.0,0.0,0.0,0.0,99.99932159244072,0.0,0.0,0.0,0.0,0.0,0.0,0.0,0.0,0.0,0.0,0.0,99.99902801907801,0.0,0.0,0.0,0.0,0.0,0.0,0.0,0.0,0.0,0.0,0.0,-100.0
253,0.0,0.0,99.99999909516251,0.0,0.0,0.0,0.0,100.0,0.0,0.0,0.0,0.0,0.0,0.0,0.0,0.0,0.0,0.0,0.0,99.99999943546999,0.0,0.0,0.0,0.0,0.0,0.0,0.0,0.0,0.0,0.0,0.0,-100.0
254,0.0,0.0,99.99955895114265,0.0,0.0,0.0,0.0,99.993451900842,0.0,0.0,0.0,0.0,0.0,0.0,0.0,0.0,0.0,0.0,0.0,99.99659150640208,0.0,0.0,0.0,0.0,0.0,0.0,0.0,0.0,0.0,0.0,0.0,-100.0
255,0.0,0.0,100.0,0.0,0.0,0.0,0.0,100.0,0.0,0.0,0.0,0.0,0.0,0.0,0.0,0.0,0.0,0.0,0.0,100.0,0.0,0.0,0.0,0.0,0.0,0.0,0.0,0.0,0.0,0.0,0.0,-100.0
256,0.0,0.0,100.0,0.0,0.0,0.0,0.0,100.0,0.0,0.0,0.0,0.0,0.0,0.0,0.0,0.0,0.0,0.0,0.0,100.0,0.0,0.0,0.0,0.0,0.0,0.0,0.0,0.0,0.0,0.0,0.0,-100.0
257,0.0,0.0,100.0,0.0,0.0,0.0,0.0,100.0,0.0,0.0,0.0,0.0,0.0,0.0,0.0,0.0,0.0,0.0,0.0,100.0,0.0,42.97134537886529,0.0,0.0,0.0,0.0,0.0,0.0,0.0,0.0,0.0,-100.0
258,0.0,0.0,99.99941645354146,0.0,0.0,0.0,0.0,100.0,0.0,0.0,0.0,0.0,0.0,0.0,0.0,0.0,0.0,0.0,0.0,99.99910478705722,0.0,95.40997825563053,0.0,0.0,0.0,0.0,0.0,0.0,50.598706768466904,0.0,0.0,-100.0
259,0.0,0.0,99.99951854544419,0.0,0.0,0.0,0.0,99.99747189428393,0.0,0.0,0.0,0.0,0.0,0.0,0.0,0.0,0.0,0.0,0.0,99.99867291784753,0.0,99.99865410572706,0.0,0.0,0.0,0.0,0.0,0.0,89.61886505535719,0.0,0.0,-100.0
260,0.0,0.0,100.0,0.0,0.0,0.0,0.0,100.0,0.0,0.0,0.0,0.0,0.0,0.0,0.0,0.0,0.0,0.0,0.0,99.99884096975681,0.0,99.99999999884174,0.0,0.0,0.0,0.0,0.0,0.0,99.2259957526684,0.0,0.0,-100.0
261,0.0,0.0,100.0,0.0,0.0,0.0,0.0,100.0,0.0,0.0,0.0,0.0,0.0,0.0,0.0,0.0,0.0,0.0,0.0,100.0,0.0,100.0,0.0,0.0,0.0,0.0,0.0,0.0,100.0,0.0,0.0,-100.0
262,0.0,0.0,100.0,0.0,0.0,0.0,0.0,100.0,0.0,0.0,0.0,0.0,0.0,0.0,0.0,0.0,0.0,0.0,0.0,100.0,0.0,100.0,0.0,0.0,0.0,0.0,0.0,0.0,100.0,0.0,0.0,-100.0
263,0.0,0.0,100.0,0.0,0.0,0.0,0.0,100.0,0.0,0.0,0.0,0.0,0.0,0.0,0.0,0.0,0.0,0.0,0.0,100.0,0.0,100.0,0.0,0.0,0.0,0.0,0.0,0.0,100.0,0.0,0.0,-100.0
264,0.0,0.0,99.99047608251917,0.0,0.0,0.0,0.0,99.06198467815295,0.0,0.0,0.0,0.0,0.0,0.0,0.0,0.0,0.0,0.0,0.0,99.64291972367771,0.0,99.442316468372,0.0,0.0,0.0,0.0,0.0,0.0,99.9136078665225,0.0,0.0,-100.0
265,0.0,0.0,99.99487041993369,0.0,0.0,0.0,0.0,97.87490441937263,0.0,0.0,0.0,0.0,0.0,0.0,0.0,0.0,0.0,0.0,0.0,99.26574514605711,0.0,98.7588506943752,0.0,0.0,0.0,0.0,0.0,0.0,0.0,0.0,0.0,-100.0
266,0.0,0.0,99.99802946522696,0.0,0.0,0.0,0.0,97.58930783057588,0.0,0.0,0.0,0.0,0.0,0.0,0.0,0.0,0.0,0.0,0.0,0.0,0.0,0.0,0.0,0.0,0.0,0.0,0.0,0.0,0.0,0.0,0.0,-100.0
267,0.0,0.0,99.99539438666689,0.0,0.0,0.0,0.0,97.60677942962879,0.0,0.0,0.0,0.0,0.0,0.0,0.0,0.0,0.0,0.0,0.0,0.0,0.0,0.0,0.0,0.0,0.0,0.0,0.0,0.0,0.0,0.0,0.0,-100.0
268,0.0,0.0,100.0,0.0,0.0,0.0,0.0,99.19738136015917,0.0,0.0,0.0,0.0,0.0,0.0,0.0,0.0,0.0,0.0,0.0,0.0,0.0,0.0,0.0,0.0,0.0,0.0,0.0,0.0,0.0,0.0,0.0,-100.0
269,0.0,0.0,100.0,0.0,0.0,0.0,0.0,99.94761258330853,0.0,0.0,0.0,0.0,0.0,0.0,0.0,0.0,0.0,0.0,0.0,0.0,0.0,0.0,0.0,0.0,0.0,0.0,0.0,0.0,0.0,0.0,0.0,-100.0
270,0.0,0.0,99.99750412333717,0.0,0.0,0.0,0.0,100.0,0.0,0.0,0.0,0.0,0.0,0.0,0.0,0.0,0.0,0.0,0.0,0.0,0.0,0.0,0.0,0.0,0.0,0.0,0.0,0.0,0.0,0.0,0.0,-100.0
271,0.0,0.0,100.0,0.0,0.0,0.0,0.0,100.0,0.0,0.0,0.0,0.0,0.0,0.0,0.0,0.0,0.0,0.0,0.0,0.0,0.0,0.0,0.0,0.0,0.0,0.0,0.0,0.0,0.0,0.0,0.0,-100.0
272,0.0,0.0,100.0,0.0,0.0,0.0,0.0,100.0,0.0,0.0,0.0,0.0,0.0,0.0,0.0,0.0,0.0,0.0,0.0,0.0,0.0,0.0,0.0,0.0,0.0,0.0,0.0,0.0,0.0,0.0,0.0,-100.0
273,0.0,0.0,99.99750412333717,0.0,0.0,0.0,0.0,100.0,0.0,0.0,0.0,0.0,0.0,0.0,0.0,0.0,0.0,0.0,0.0,0.0,0.0,0.0,0.0,0.0,0.0,0.0,0.0,0.0,0.0,0.0,0.0,-100.0
274,0.0,0.0,100.0,0.0,0.0,0.0,0.0,100.0,0.0,0.0,0.0,0.0,0.0,0.0,0.0,0.0,0.0,0.0,0.0,0.0,0.0,0.0,0.0,0.0,0.0,0.0,0.0,0.0,0.0,0.0,0.0,-100.0
275,0.0,0.0,99.9998077265607,0.0,0.0,0.0,0.0,99.99927768593136,0.0,0.0,0.0,0.0,0.0,0.0,0.0,0.0,0.0,0.0,0.0,0.0,0.0,0.0,0.0,0.0,0.0,0.0,0.0,0.0,54.33696748828546,0.0,0.0,-100.0
276,0.0,0.0,99.99996965038879,0.0,0.0,0.0,0.0,99.99786942695246,0.0,0.0,0.0,0.0,0.0,0.0,0.0,0.0,0.0,0.0,0.0,0.0,0.0,0.0,0.0,0.0,0.0,0.0,0.0,0.0,48.1704491643707,0.0,0.0,-100.0
277,0.0,0.0,99.99999712840115,0.0,0.0,0.0,0.0,99.99969850043342,0.0,0.0,0.0,0.0,0.0,0.0,0.0,0.0,0.0,0.0,0.0,0.0,0.0,0.0,0.0,0.0,0.0,0.0,0.0,0.0,27.358033500770635,0.0,0.0,-100.0
278,0.0,0.0,100.0,0.0,0.0,0.0,0.0,100.0,0.0,0.0,0.0,0.0,0.0,0.0,0.0,0.0,0.0,0.0,0.0,0.0,0.0,0.0,0.0,0.0,0.0,0.0,0.0,0.0,14.90034089510214,0.0,0.0,-100.0
279,0.0,0.0,100.0,0.0,0.0,0.0,0.0,100.0,0.0,0.0,0.0,0.0,0.0,0.0,0.0,0.0,0.0,0.0,0.0,0.0,0.0,0.0,0.0,0.0,0.0,0.0,0.0,0.0,51.92014605182541,0.0,0.0,-100.0
280,0.0,0.0,100.0,0.0,0.0,0.0,0.0,100.0,0.0,0.0,0.0,0.0,0.0,0.0,0.0,0.0,0.0,0.0,0.0,0.0,0.0,0.0,0.0,0.0,0.0,0.0,0.0,0.0,80.39399739057397,0.0,0.0,-100.0
281,0.0,0.0,100.0,0.0,0.0,0.0,0.0,100.0,0.0,0.0,0.0,0.0,0.0,0.0,0.0,0.0,0.0,0.0,0.0,0.0,0.0,0.0,0.0,0.0,0.0,0.0,0.0,0.0,96.18464603267702,0.0,0.0,-100.0
282,0.0,0.0,99.99923059544345,0.0,0.0,0.0,0.0,100.0,0.0,0.0,0.0,0.0,0.0,0.0,0.0,0.0,0.0,0.0,0.0,64.6100454845634,0.0,0.0,0.0,0.0,0.0,0.0,0.0,0.0,99.98083799276264,0.0,0.0,-100.0
283,0.0,0.0,99.99886132206791,0.0,0.0,0.0,0.0,100.0,0.0,0.0,0.0,0.0,0.0,0.0,0.0,0.0,0.0,0.0,0.0,95.03111307866276,0.0,0.0,0.0,0.0,0.0,0.0,0.0,0.0,99.99996589328755,0.0,0.0,-100.0
284,0.0,0.0,99.99957382814237,0.0,0.0,0.0,0.0,100.0,0.0,0.0,0.0,0.0,0.0,0.0,0.0,0.0,0.0,0.0,0.0,100.0,0.0,0.0,0.0,0.0,0.0,0.0,0.0,0.0,99.99999235312814,0.0,0.0,-100.0
285,0.0,0.0,100.0,0.0,0.0,0.0,0.0,100.0,0.0,0.0,0.0,0.0,0.0,0.0,0.0,0.0,0.0,0.0,0.0,100.0,0.0,0.0,0.0,0.0,0.0,0.0,0.0,0.0,100.0,0.0,0.0,-100.0
286,0.0,0.0,100.0,0.0,0.0,0.0,0.0,100.0,0.0,0.0,0.0,0.0,0.0,0.0,0.0,0.0,0.0,0.0,0.0,100.0,0.0,0.0,0.0,0.0,0.0,0.0,0.0,0.0,100.0,0.0,0.0,-100.0
287,0.0,0.0,100.0,0.0,0.0,0.0,0.0,100.0,0.0,0.0,0.0,0.0,0.0,0.0,0.0,0.0,0.0,0.0,0.0,100.0,0.0,0.0,0.0,0.0,0.0,0.0,0.0,0.0,100.0,0.0,0.0,-100.0
288,0.0,0.0,99.99852175623299,0.0,0.0,0.0,0.0,99.40912426351672,0.0,0.0,0.0,0.0,0.0,0.0,0.0,0.0,0.0,0.0,0.0,99.81670438585166,0.0,0.0,0.0,0.0,0.0,0.0,0.0,0.0,99.95610291634962,0.0,0.0,-100.0
289,0.0,0.0,92.08905485263033,0.0,0.0,0.0,0.0,23.40200217841239,0.0,0.0,0.0,0.0,0.0,0.0,0.0,0.0,0.0,0.0,0.0,99.83473863277541,0.0,0.0,0.0,0.0,0.0,0.0,0.0,0.0,0.0,0.0,0.0,-100.0
290,0.0,0.0,0.0,0.0,0.0,0.0,0.0,0.0,0.0,0.0,0.0,0.0,0.0,0.0,0.0,0.0,0.0,0.0,0.0,0.0,0.0,0.0,0.0,0.0,0.0,0.0,0.0,0.0,0.0,0.0,0.0,-100.0
291,0.0,0.0,0.0,0.0,0.0,0.0,0.0,0.0,0.0,0.0,0.0,0.0,0.0,0.0,0.0,0.0,0.0,0.0,0.0,0.0,0.0,0.0,0.0,0.0,0.0,0.0,0.0,0.0,0.0,0.0,0.0,-100.0
292,0.0,0.0,0.0,0.0,0.0,0.0,0.0,0.0,0.0,0.0,0.0,0.0,0.0,0.0,0.0,0.0,0.0,0.0,0.0,0.0,0.0,0.0,0.0,0.0,0.0,0.0,0.0,0.0,0.0,0.0,0.0,-100.0
293,0.0,0.0,0.0,0.0,0.0,0.0,0.0,0.0,0.0,0.0,0.0,0.0,0.0,0.0,0.0,0.0,0.0,0.0,0.0,0.0,0.0,0.0,0.0,0.0,0.0,0.0,0.0,0.0,0.0,0.0,0.0,-100.0
294,0.0,0.0,65.39187548726736,0.0,0.0,0.0,0.0,0.0,0.0,0.0,0.0,0.0,0.0,0.0,0.0,0.0,0.0,0.0,0.0,0.0,0.0,0.0,0.0,0.0,0.0,0.0,0.0,0.0,0.0,0.0,0.0,-100.0
295,0.0,0.0,93.98343334587425,0.0,0.0,0.0,0.0,0.0,0.0,0.0,0.0,0.0,0.0,0.0,0.0,0.0,0.0,0.0,0.0,0.0,0.0,0.0,0.0,0.0,0.0,0.0,0.0,0.0,0.0,0.0,0.0,-100.0
296,0.0,0.0,100.0,0.0,0.0,0.0,0.0,0.0,0.0,0.0,0.0,0.0,0.0,0.0,0.0,0.0,0.0,0.0,0.0,0.0,0.0,0.0,0.0,0.0,0.0,0.0,0.0,0.0,0.0,0.0,0.0,-100.0
297,0.0,0.0,99.99750412333717,0.0,0.0,0.0,0.0,23.7009734958724,0.0,0.0,0.0,0.0,0.0,0.0,0.0,0.0,0.0,0.0,0.0,0.0,0.0,0.0,0.0,0.0,0.0,0.0,0.0,0.0,0.0,0.0,0.0,-100.0
298,0.0,0.0,100.0,0.0,0.0,0.0,0.0,71.21833011848985,0.0,0.0,0.0,0.0,0.0,0.0,0.0,0.0,0.0,0.0,0.0,0.0,0.0,0.0,0.0,0.0,0.0,0.0,0.0,0.0,0.0,0.0,0.0,-100.0
299,0.0,0.0,99.99965489638059,0.0,0.0,0.0,0.0,94.81018058135572,0.0,0.0,0.0,0.0,0.0,0.0,0.0,0.0,0.0,0.0,0.0,0.0,0.0,0.0,0.0,0.0,0.0,0.0,0.0,0.0,0.0,0.0,0.0,-100.0
300,0.0,0.0,99.99978745283103,0.0,0.0,0.0,0.0,99.9391584075574,0.0,0.0,0.0,0.0,0.0,0.0,0.0,0.0,0.0,0.0,0.0,0.0,0.0,0.0,0.0,0.0,0.0,0.0,0.0,0.0,0.0,0.0,0.0,-100.0
301,0.0,0.0,99.9999956977375,0.0,0.0,0.0,0.0,99.9993462153954,0.0,0.0,0.0,0.0,0.0,0.0,0.0,0.0,0.0,0.0,0.0,0.0,0.0,0.0,0.0,0.0,0.0,0.0,0.0,0.0,0.0,0.0,0.0,-100.0
302,0.0,0.0,99.18550351245426,0.0,0.0,0.0,0.0,100.0,0.0,0.0,0.0,0.0,0.0,0.0,0.0,0.0,0.0,0.0,0.0,0.0,0.0,0.0,0.0,0.0,0.0,0.0,0.0,0.0,0.0,0.0,0.0,-100.0
303,0.0,0.0,100.0,0.0,0.0,0.0,0.0,100.0,0.0,0.0,0.0,0.0,0.0,0.0,0.0,0.0,0.0,0.0,0.0,0.0,0.0,0.0,0.0,0.0,0.0,0.0,0.0,0.0,0.0,0.0,0.0,-100.0
304,0.0,0.0,100.0,0.0,0.0,0.0,0.0,100.0,0.0,0.0,0.0,0.0,0.0,0.0,0.0,0.0,0.0,0.0,0.0,0.0,0.0,0.0,0.0,0.0,0.0,0.0,0.0,0.0,0.0,0.0,0.0,-100.0
305,0.0,0.0,100.0,0.0,0.0,0.0,0.0,100.0,0.0,0.0,0.0,0.0,0.0,0.0,0.0,0.0,0.0,0.0,0.0,0.0,0.0,0.0,0.0,0.0,0.0,0.0,0.0,0.0,0.0,0.0,0.0,-100.0
306,0.0,0.0,99.99735076278455,0.0,0.0,0.0,0.0,100.0,0.0,0.0,0.0,0.0,0.0,0.0,0.0,0.0,0.0,0.0,0.0,0.0,0.0,0.0,0.0,0.0,0.0,0.0,0.0,0.0,0.0,0.0,0.0,-100.0
307,0.0,0.0,99.99601329803114,0.0,0.0,0.0,0.0,99.98647475140041,0.0,0.0,0.0,0.0,0.0,0.0,0.0,0.0,0.0,0.0,0.0,0.0,0.0,0.0,0.0,0.0,0.0,0.0,0.0,0.0,0.0,0.0,0.0,-100.0
308,0.0,0.0,99.9985079010175,0.0,0.0,0.0,0.0,99.99029303421709,0.0,0.0,0.0,0.0,0.0,0.0,0.0,0.0,0.0,0.0,0.0,0.0,0.0,0.0,0.0,0.0,0.0,0.0,0.0,0.0,0.0,0.0,0.0,-100.0
309,0.0,0.0,100.0,0.0,0.0,0.0,0.0,100.0,0.0,0.0,0.0,0.0,0.0,0.0,0.0,0.0,0.0,0.0,0.0,0.0,0.0,0.0,0.0,0.0,0.0,0.0,0.0,0.0,0.0,0.0,0.0,-100.0
310,0.0,0.0,100.0,0.0,0.0,0.0,0.0,100.0,0.0,0.0,0.0,0.0,0.0,0.0,0.0,0.0,0.0,0.0,0.0,0.0,0.0,0.0,0.0,0.0,0.0,0.0,0.0,0.0,0.0,0.0,0.0,-100.0
311,0.0,0.0,100.0,0.0,0.0,0.0,0.0,100.0,0.0,0.0,0.0,0.0,0.0,0.0,0.0,0.0,0.0,0.0,0.0,0.0,0.0,0.0,0.0,0.0,0.0,0.0,0.0,0.0,0.0,0.0,0.0,-100.0
312,0.0,0.0,99.99643358542197,0.0,0.0,0.0,0.0,99.24997972329929,0.0,0.0,0.0,0.0,0.0,0.0,0.0,0.0,0.0,0.0,0.0,0.0,0.0,0.0,0.0,0.0,0.0,0.0,0.0,0.0,0.0,0.0,0.0,-100.0
313,0.0,0.0,61.28910069452803,0.0,0.0,0.0,0.0,0.0,0.0,0.0,0.0,0.0,0.0,0.0,0.0,0.0,0.0,0.0,0.0,0.0,0.0,0.0,0.0,0.0,0.0,0.0,0.0,0.0,0.0,0.0,0.0,-100.0
314,0.0,0.0,0.0,0.0,0.0,0.0,0.0,0.0,0.0,0.0,0.0,0.0,0.0,0.0,0.0,0.0,0.0,0.0,0.0,0.0,0.0,0.0,0.0,0.0,0.0,0.0,0.0,0.0,0.0,0.0,0.0,-100.0
315,0.0,0.0,0.0,0.0,0.0,0.0,0.0,0.0,0.0,0.0,0.0,0.0,0.0,0.0,0.0,0.0,0.0,0.0,0.0,0.0,0.0,0.0,0.0,0.0,0.0,0.0,0.0,0.0,0.0,0.0,0.0,-100.0
316,0.0,0.0,0.0,0.0,0.0,0.0,0.0,0.0,0.0,0.0,0.0,0.0,0.0,0.0,0.0,0.0,0.0,0.0,0.0,0.0,0.0,0.0,0.0,0.0,0.0,0.0,0.0,0.0,0.0,0.0,0.0,-100.0
317,0.0,0.0,0.0,0.0,0.0,0.0,0.0,0.0,0.0,0.0,0.0,0.0,0.0,0.0,0.0,0.0,0.0,0.0,0.0,0.0,0.0,0.0,0.0,0.0,0.0,0.0,0.0,0.0,0.0,0.0,0.0,-100.0
318,0.0,0.0,0.0,0.0,0.0,0.0,0.0,0.0,0.0,0.0,0.0,0.0,0.0,0.0,0.0,0.0,0.0,0.0,0.0,0.0,0.0,0.0,0.0,0.0,0.0,0.0,0.0,0.0,0.0,0.0,0.0,-100.0
319,0.0,0.0,24.438899334141944,0.0,0.0,0.0,0.0,0.0,0.0,0.0,0.0,0.0,0.0,0.0,0.0,0.0,0.0,0.0,0.0,0.0,0.0,0.0,0.0,0.0,0.0,0.0,0.0,0.0,0.0,0.0,0.0,-100.0
320,0.0,0.0,72.61502349904214,0.0,0.0,0.0,0.0,0.0,0.0,0.0,0.0,0.0,0.0,0.0,0.0,0.0,0.0,0.0,0.0,0.0,0.0,0.0,0.0,0.0,0.0,0.0,0.0,0.0,0.0,0.0,0.0,-100.0
321,0.0,0.0,96.4252959996709,0.0,0.0,0.0,0.0,0.0,0.0,0.0,0.0,0.0,0.0,0.0,0.0,0.0,0.0,0.0,0.0,0.0,0.0,0.0,0.0,0.0,0.0,0.0,0.0,0.0,0.0,0.0,0.0,-100.0
322,0.0,0.0,100.0,0.0,0.0,0.0,0.0,0.0,0.0,0.0,0.0,0.0,0.0,0.0,0.0,0.0,0.0,0.0,0.0,0.0,0.0,0.0,0.0,0.0,0.0,0.0,0.0,0.0,0.0,0.0,0.0,-100.0
323,0.0,0.0,99.99973325915231,0.0,0.0,0.0,0.0,0.0,0.0,0.0,0.0,0.0,0.0,0.0,0.0,0.0,0.0,0.0,0.0,0.0,0.0,0.0,0.0,0.0,0.0,0.0,0.0,0.0,0.0,0.0,0.0,-100.0
324,0.0,0.0,99.9998320339764,0.0,0.0,0.0,0.0,0.0,0.0,0.0,0.0,0.0,0.0,0.0,0.0,0.0,0.0,0.0,0.0,0.0,0.0,0.0,0.0,0.0,0.0,0.0,0.0,0.0,0.0,0.0,0.0,-100.0
325,0.0,0.0,100.00000009508045,0.0,0.0,0.0,0.0,0.0,0.0,0.0,0.0,0.0,0.0,0.0,0.0,0.0,0.0,0.0,0.0,0.0,0.0,0.0,0.0,0.0,0.0,0.0,0.0,0.0,0.0,0.0,0.0,-100.0
326,0.0,0.0,99.84934569789583,0.0,0.0,0.0,0.0,0.0,0.0,0.0,0.0,0.0,0.0,0.0,0.0,0.0,0.0,0.0,0.0,0.0,0.0,0.0,0.0,0.0,0.0,0.0,0.0,0.0,0.0,0.0,0.0,-100.0
327,0.0,0.0,100.0,0.0,0.0,0.0,0.0,0.0,0.0,0.0,0.0,0.0,0.0,0.0,0.0,0.0,0.0,0.0,0.0,0.0,0.0,0.0,0.0,0.0,0.0,0.0,0.0,0.0,0.0,0.0,0.0,-100.0
328,0.0,0.0,100.0,0.0,0.0,0.0,0.0,0.0,0.0,0.0,0.0,0.0,0.0,0.0,0.0,0.0,0.0,0.0,0.0,0.0,0.0,0.0,0.0,0.0,0.0,0.0,0.0,0.0,0.0,0.0,0.0,-100.0
329,0.0,0.0,100.0,0.0,0.0,0.0,0.0,0.0,0.0,0.0,0.0,0.0,0.0,0.0,0.0,0.0,0.0,0.0,0.0,0.0,0.0,0.0,0.0,0.0,0.0,0.0,0.0,0.0,0.0,0.0,0.0,-100.0
330,0.0,0.0,99.99785320393319,0.0,0.0,0.0,0.0,0.0,0.0,0.0,0.0,0.0,0.0,0.0,0.0,0.0,0.0,0.0,0.0,0.0,0.0,0.0,0.0,0.0,0.0,0.0,0.0,0.0,0.0,0.0,0.0,-100.0
331,0.0,0.0,99.99715235505869,0.0,0.0,0.0,0.0,0.0,0.0,0.0,0.0,0.0,0.0,0.0,0.0,0.0,0.0,0.0,0.0,0.0,0.0,0.0,0.0,0.0,0.0,0.0,0.0,0.0,0.0,0.0,0.0,-100.0
332,0.0,0.0,99.99893421475882,0.0,0.0,0.0,0.0,0.0,0.0,0.0,0.0,0.0,0.0,0.0,0.0,0.0,0.0,0.0,0.0,0.0,0.0,0.0,0.0,0.0,0.0,0.0,0.0,0.0,0.0,0.0,0.0,-100.0
333,0.0,0.0,100.0,0.0,0.0,0.0,0.0,0.0,0.0,0.0,0.0,0.0,0.0,0.0,0.0,0.0,0.0,0.0,0.0,0.0,0.0,0.0,0.0,0.0,0.0,0.0,0.0,0.0,0.0,0.0,0.0,-100.0
334,0.0,0.0,100.0,0.0,0.0,0.0,0.0,0.0,0.0,0.0,0.0,0.0,0.0,0.0,0.0,0.0,0.0,0.0,0.0,0.0,0.0,0.0,0.0,0.0,0.0,0.0,0.0,0.0,0.0,0.0,0.0,-100.0
335,0.0,0.0,100.0,0.0,0.0,0.0,0.0,0.0,0.0,0.0,0.0,0.0,0.0,0.0,0.0,0.0,0.0,0.0,0.0,0.0,0.0,0.0,0.0,0.0,0.0,0.0,0.0,0.0,0.0,0.0,0.0,-100.0
336,0.0,0.0,99.9969262422226,0.0,0.0,0.0,0.0,0.0,0.0,0.0,0.0,0.0,0.0,0.0,0.0,0.0,0.0,0.0,0.0,0.0,0.0,0.0,0.0,0.0,0.0,0.0,0.0,0.0,0.0,0.0,0.0,-100.0
337,0.0,0.0,21.834371874814522,0.0,0.0,0.0,0.0,0.0,0.0,0.0,0.0,0.0,0.0,0.0,0.0,0.0,0.0,0.0,0.0,0.0,0.0,0.0,0.0,0.0,0.0,0.0,0.0,0.0,0.0,0.0,0.0,-100.0
338,0.0,0.0,0.0,0.0,0.0,0.0,0.0,0.0,0.0,0.0,0.0,0.0,0.0,0.0,0.0,0.0,0.0,0.0,0.0,0.0,0.0,0.0,0.0,0.0,0.0,0.0,0.0,0.0,0.0,0.0,0.0,-100.0
339,0.0,0.0,0.0,0.0,0.0,0.0,0.0,0.0,0.0,0.0,0.0,0.0,0.0,0.0,0.0,0.0,0.0,0.0,0.0,0.0,0.0,0.0,0.0,0.0,0.0,0.0,0.0,0.0,0.0,0.0,0.0,-100.0
340,0.0,0.0,0.0,0.0,0.0,0.0,0.0,0.0,0.0,0.0,0.0,0.0,0.0,0.0,0.0,0.0,0.0,0.0,0.0,0.0,0.0,0.0,0.0,0.0,0.0,0.0,0.0,0.0,0.0,0.0,0.0,-100.0
341,0.0,0.0,0.0,0.0,0.0,0.0,0.0,0.0,0.0,0.0,0.0,0.0,0.0,0.0,0.0,0.0,0.0,0.0,0.0,0.0,0.0,0.0,0.0,0.0,0.0,0.0,0.0,0.0,0.0,0.0,0.0,-100.0
342,0.0,0.0,51.1320426268995,0.0,0.0,0.0,0.0,0.0,0.0,0.0,0.0,0.0,0.0,0.0,0.0,0.0,0.0,0.0,0.0,0.0,0.0,0.0,0.0,0.0,0.0,0.0,0.0,0.0,0.0,0.0,0.0,-100.0
343,0.0,0.0,87.56610631624675,0.0,0.0,0.0,0.0,0.0,0.0,0.0,0.0,0.0,0.0,0.0,0.0,0.0,0.0,0.0,0.0,0.0,0.0,0.0,0.0,0.0,0.0,0.0,0.0,0.0,0.0,0.0,0.0,-100.0
344,0.0,0.0,99.6581309785173,0.0,0.0,0.0,0.0,0.0,0.0,0.0,0.0,0.0,0.0,0.0,0.0,0.0,0.0,0.0,0.0,0.0,0.0,0.0,0.0,0.0,0.0,0.0,0.0,0.0,0.0,0.0,0.0,-100.0
345,0.0,0.0,99.99730800562985,0.0,0.0,0.0,0.0,0.0,0.0,0.0,0.0,0.0,0.0,0.0,0.0,0.0,0.0,0.0,0.0,0.0,0.0,0.0,0.0,0.0,0.0,0.0,0.0,0.0,0.0,0.0,0.0,-100.0
346,0.0,0.0,99.99869034282871,0.0,0.0,0.0,0.0,0.0,0.0,0.0,0.0,0.0,0.0,0.0,0.0,0.0,0.0,0.0,0.0,0.0,0.0,0.0,0.0,0.0,0.0,0.0,0.0,0.0,0.0,0.0,0.0,-100.0
347,0.0,0.0,99.99952430397886,0.0,0.0,0.0,0.0,0.0,0.0,0.0,0.0,0.0,0.0,0.0,0.0,0.0,0.0,0.0,0.0,0.0,0.0,0.0,0.0,0.0,0.0,0.0,0.0,0.0,0.0,0.0,0.0,-100.0
348,0.0,0.0,99.99960901019351,0.0,0.0,0.0,0.0,0.0,0.0,0.0,0.0,0.0,0.0,0.0,0.0,0.0,0.0,0.0,0.0,0.0,0.0,0.0,0.0,0.0,0.0,0.0,0.0,0.0,0.0,0.0,0.0,-100.0
349,0.0,0.0,99.99994337522996,0.0,0.0,0.0,0.0,0.0,0.0,0.0,0.0,0.0,0.0,0.0,0.0,0.0,0.0,0.0,0.0,0.0,0.0,0.0,0.0,0.0,0.0,0.0,0.0,0.0,0.0,0.0,0.0,-100.0
350,0.0,0.0,100.0,0.0,0.0,0.0,0.0,0.0,0.0,0.0,0.0,0.0,0.0,0.0,0.0,0.0,0.0,0.0,0.0,0.0,0.0,0.0,0.0,0.0,0.0,0.0,0.0,0.0,0.0,0.0,0.0,-100.0
351,0.0,0.0,100.0,0.0,0.0,0.0,0.0,0.0,0.0,0.0,0.0,0.0,0.0,0.0,0.0,0.0,0.0,0.0,0.0,0.0,0.0,0.0,0.0,0.0,0.0,0.0,0.0,0.0,0.0,0.0,0.0,-100.0
352,0.0,0.0,100.0,0.0,0.0,0.0,0.0,0.0,0.0,0.0,0.0,0.0,0.0,0.0,0.0,0.0,0.0,0.0,0.0,0.0,0.0,0.0,0.0,0.0,0.0,0.0,0.0,0.0,0.0,0.0,0.0,-100.0
353,0.0,0.0,100.0,0.0,0.0,0.0,0.0,0.0,0.0,0.0,0.0,0.0,0.0,0.0,0.0,0.0,0.0,0.0,0.0,0.0,0.0,0.0,0.0,0.0,0.0,0.0,0.0,0.0,0.0,0.0,0.0,-100.0
354,0.0,0.0,99.9976704982808,0.0,0.0,0.0,0.0,0.0,0.0,0.0,0.0,0.0,0.0,0.0,0.0,0.0,0.0,0.0,0.0,0.0,0.0,0.0,0.0,0.0,0.0,0.0,0.0,0.0,0.0,0.0,0.0,-100.0
355,0.0,0.0,99.99601329803114,0.0,0.0,0.0,0.0,0.0,0.0,0.0,0.0,0.0,0.0,0.0,0.0,0.0,0.0,0.0,0.0,0.0,0.0,0.0,0.0,0.0,0.0,0.0,0.0,0.0,0.0,0.0,0.0,-100.0
356,0.0,0.0,99.9985079010175,0.0,0.0,0.0,0.0,0.0,0.0,0.0,0.0,0.0,0.0,0.0,0.0,0.0,0.0,0.0,0.0,0.0,0.0,0.0,0.0,0.0,0.0,0.0,0.0,0.0,0.0,0.0,0.0,-100.0
357,0.0,0.0,100.0,0.0,0.0,0.0,0.0,0.0,0.0,0.0,0.0,0.0,0.0,0.0,0.0,0.0,0.0,0.0,0.0,0.0,0.0,0.0,0.0,0.0,0.0,0.0,0.0,0.0,0.0,0.0,0.0,-100.0
358,0.0,0.0,100.0,0.0,0.0,0.0,0.0,0.0,0.0,0.0,0.0,0.0,0.0,0.0,0.0,0.0,0.0,0.0,0.0,0.0,0.0,0.0,0.0,0.0,0.0,0.0,0.0,0.0,0.0,0.0,0.0,-100.0
359,0.0,0.0,100.0,0.0,0.0,0.0,0.0,0.0,0.0,0.0,0.0,0.0,0.0,0.0,0.0,0.0,0.0,0.0,0.0,0.0,0.0,0.0,0.0,0.0,0.0,0.0,0.0,0.0,0.0,0.0,0.0,-100.0
360,0.0,0.0,99.99609748465151,0.0,0.0,0.0,0.0,0.0,0.0,0.0,0.0,0.0,0.0,0.0,0.0,0.0,0.0,0.0,0.0,0.0,0.0,0.0,0.0,0.0,0.0,0.0,0.0,0.0,0.0,0.0,0.0,-100.0
361,0.0,0.0,99.99643146978502,0.0,0.0,0.0,0.0,0.0,0.0,0.0,0.0,0.0,0.0,0.0,0.0,0.0,0.0,0.0,0.0,0.0,0.0,0.0,0.0,0.0,0.0,0.0,0.0,0.0,0.0,0.0,0.0,-100.0
362,0.0,0.0,0.0,0.0,0.0,0.0,0.0,0.0,0.0,0.0,0.0,0.0,0.0,0.0,0.0,0.0,0.0,0.0,0.0,0.0,0.0,0.0,0.0,0.0,0.0,0.0,0.0,0.0,0.0,0.0,0.0,-100.0
363,0.0,0.0,0.0,0.0,0.0,0.0,0.0,0.0,0.0,0.0,0.0,0.0,0.0,0.0,0.0,0.0,0.0,0.0,0.0,0.0,0.0,0.0,0.0,0.0,0.0,0.0,0.0,0.0,0.0,0.0,0.0,-100.0
364,0.0,0.0,0.0,0.0,0.0,0.0,0.0,0.0,0.0,0.0,0.0,0.0,0.0,0.0,0.0,0.0,0.0,0.0,0.0,0.0,0.0,0.0,0.0,0.0,0.0,0.0,0.0,0.0,0.0,0.0,0.0,-100.0
365,0.0,0.0,0.0,0.0,0.0,0.0,0.0,0.0,0.0,0.0,0.0,0.0,0.0,0.0,0.0,0.0,0.0,0.0,0.0,0.0,0.0,0.0,0.0,0.0,0.0,0.0,0.0,0.0,0.0,0.0,0.0,-100.0
366,0.0,0.0,0.0,0.0,0.0,0.0,0.0,0.0,0.0,0.0,0.0,0.0,0.0,0.0,0.0,0.0,0.0,0.0,0.0,0.0,0.0,0.0,0.0,0.0,0.0,0.0,0.0,0.0,0.0,0.0,0.0,-100.0
367,0.0,0.0,0.0,0.0,0.0,0.0,0.0,0.0,0.0,0.0,0.0,0.0,0.0,0.0,0.0,0.0,0.0,0.0,0.0,0.0,0.0,0.0,0.0,0.0,0.0,0.0,0.0,0.0,0.0,0.0,0.0,-100.0
368,0.0,0.0,36.96559185633846,0.0,0.0,0.0,0.0,0.0,0.0,0.0,0.0,0.0,0.0,0.0,0.0,0.0,0.0,0.0,0.0,0.0,0.0,0.0,0.0,0.0,0.0,0.0,0.0,0.0,0.0,0.0,0.0,-100.0
369,0.0,0.0,79.57909526750647,0.0,0.0,0.0,0.0,0.0,0.0,0.0,0.0,0.0,0.0,0.0,0.0,0.0,0.0,0.0,0.0,0.0,0.0,0.0,0.0,0.0,0.0,0.0,0.0,0.0,0.0,0.0,0.0,-100.0
370,0.0,0.0,98.69060077773315,0.0,0.0,0.0,0.0,0.0,0.0,0.0,0.0,0.0,0.0,0.0,0.0,0.0,0.0,0.0,0.0,0.0,0.0,0.0,0.0,0.0,0.0,0.0,0.0,0.0,0.0,0.0,0.0,-100.0
371,0.0,0.0,99.99985088931712,0.0,0.0,0.0,0.0,0.0,0.0,0.0,0.0,0.0,0.0,0.0,0.0,0.0,0.0,0.0,0.0,0.0,0.0,0.0,0.0,0.0,0.0,0.0,0.0,0.0,0.0,0.0,0.0,-100.0
372,0.0,0.0,99.99999881029783,0.0,0.0,0.0,0.0,0.0,0.0,0.0,0.0,0.0,0.0,0.0,0.0,0.0,0.0,0.0,0.0,0.0,0.0,0.0,0.0,0.0,0.0,0.0,0.0,0.0,0.0,0.0,0.0,-100.0
373,0.0,0.0,99.99991958072354,0.0,0.0,0.0,0.0,0.0,0.0,0.0,0.0,0.0,0.0,0.0,0.0,0.0,0.0,0.0,0.0,0.0,0.0,0.0,0.0,0.0,0.0,0.0,0.0,0.0,0.0,0.0,0.0,-100.0
374,0.0,0.0,100.0,0.0,0.0,0.0,0.0,0.0,0.0,0.0,0.0,0.0,0.0,0.0,0.0,0.0,0.0,0.0,0.0,0.0,0.0,0.0,0.0,0.0,0.0,0.0,0.0,0.0,0.0,0.0,0.0,-100.0
375,0.0,0.0,100.0,0.0,0.0,0.0,0.0,0.0,0.0,0.0,0.0,0.0,0.0,0.0,0.0,0.0,0.0,0.0,0.0,0.0,0.0,0.0,0.0,0.0,0.0,0.0,0.0,0.0,0.0,0.0,0.0,-100.0
376,0.0,0.0,100.0,0.0,0.0,0.0,0.0,0.0,0.0,0.0,0.0,0.0,0.0,0.0,0.0,0.0,0.0,0.0,0.0,0.0,0.0,0.0,0.0,0.0,0.0,0.0,0.0,0.0,0.0,0.0,0.0,-100.0
377,0.0,0.0,100.0,0.0,0.0,0.0,0.0,0.0,0.0,0.0,0.0,0.0,0.0,0.0,0.0,0.0,0.0,0.0,0.0,0.0,0.0,0.0,0.0,0.0,0.0,0.0,0.0,0.0,0.0,0.0,0.0,-100.0
378,0.0,0.0,99.9970310272883,0.0,0.0,0.0,0.0,0.0,0.0,0.0,0.0,0.0,0.0,0.0,0.0,0.0,0.0,0.0,0.0,0.0,0.0,0.0,0.0,0.0,0.0,0.0,0.0,0.0,0.0,0.0,0.0,-100.0
379,0.0,0.0,99.99601329803114,0.0,0.0,0.0,0.0,0.0,0.0,0.0,0.0,0.0,0.0,0.0,0.0,0.0,0.0,0.0,0.0,0.0,0.0,0.0,0.0,0.0,0.0,0.0,0.0,0.0,0.0,0.0,0.0,-100.0
380,0.0,0.0,99.9985079010175,0.0,0.0,0.0,0.0,0.0,0.0,0.0,0.0,0.0,0.0,0.0,0.0,0.0,0.0,0.0,0.0,0.0,0.0,0.0,0.0,0.0,0.0,0.0,0.0,0.0,0.0,0.0,0.0,-100.0
381,0.0,0.0,100.0,0.0,0.0,0.0,0.0,0.0,0.0,0.0,0.0,0.0,0.0,0.0,0.0,0.0,0.0,0.0,0.0,0.0,0.0,0.0,0.0,0.0,0.0,0.0,0.0,0.0,0.0,0.0,0.0,-100.0
382,0.0,0.0,100.0,0.0,0.0,0.0,0.0,0.0,0.0,0.0,0.0,0.0,0.0,0.0,0.0,0.0,0.0,0.0,0.0,0.0,0.0,0.0,0.0,0.0,0.0,0.0,0.0,0.0,0.0,0.0,0.0,-100.0
383,0.0,0.0,100.0,0.0,0.0,0.0,0.0,0.0,0.0,0.0,0.0,0.0,0.0,0.0,0.0,0.0,0.0,0.0,0.0,0.0,0.0,0.0,0.0,0.0,0.0,0.0,0.0,0.0,0.0,0.0,0.0,-100.0
384,0.0,0.0,99.99468665745539,0.0,0.0,0.0,0.0,0.0,0.0,0.0,0.0,0.0,0.0,0.0,0.0,0.0,0.0,0.0,0.0,0.0,0.0,0.0,0.0,0.0,0.0,0.0,0.0,0.0,0.0,0.0,0.0,-100.0
385,0.0,0.0,99.99718528154827,0.0,0.0,0.0,0.0,0.0,0.0,0.0,0.0,0.0,0.0,0.0,0.0,0.0,0.0,0.0,0.0,0.0,0.0,0.0,0.0,0.0,0.0,0.0,0.0,0.0,0.0,0.0,0.0,-100.0
386,0.0,0.0,0.0,0.0,0.0,0.0,0.0,0.0,0.0,0.0,0.0,0.0,0.0,0.0,0.0,0.0,0.0,0.0,0.0,0.0,0.0,0.0,0.0,0.0,0.0,0.0,0.0,0.0,0.0,0.0,0.0,-100.0
387,0.0,0.0,0.0,0.0,0.0,0.0,0.0,0.0,0.0,0.0,0.0,0.0,0.0,0.0,0.0,0.0,0.0,0.0,0.0,0.0,0.0,0.0,0.0,0.0,0.0,0.0,0.0,0.0,0.0,0.0,0.0,-100.0
388,0.0,0.0,0.0,0.0,0.0,0.0,0.0,0.0,0.0,0.0,0.0,0.0,0.0,0.0,0.0,0.0,0.0,0.0,0.0,0.0,0.0,0.0,0.0,0.0,0.0,0.0,0.0,0.0,0.0,0.0,0.0,-100.0
389,0.0,0.0,0.0,0.0,0.0,0.0,0.0,0.0,0.0,0.0,0.0,0.0,0.0,0.0,0.0,0.0,0.0,0.0,0.0,0.0,0.0,0.0,0.0,0.0,0.0,0.0,0.0,0.0,0.0,0.0,0.0,-100.0
390,0.0,0.0,0.0,0.0,0.0,0.0,0.0,0.0,0.0,0.0,0.0,0.0,0.0,0.0,0.0,0.0,0.0,0.0,0.0,0.0,0.0,0.0,0.0,0.0,0.0,0.0,0.0,0.0,0.0,0.0,0.0,-100.0
391,0.0,0.0,0.0,0.0,0.0,0.0,0.0,0.0,0.0,0.0,0.0,0.0,0.0,0.0,0.0,0.0,0.0,0.0,0.0,0.0,0.0,0.0,0.0,0.0,0.0,0.0,0.0,0.0,0.0,0.0,0.0,-100.0
392,0.0,0.0,18.023844480459857,0.0,0.0,0.0,0.0,0.0,0.0,0.0,0.0,0.0,0.0,0.0,0.0,0.0,0.0,0.0,0.0,0.0,0.0,0.0,0.0,0.0,0.0,0.0,0.0,0.0,0.0,0.0,0.0,-100.0
393,0.0,0.0,68.228702091489,0.0,0.0,0.0,0.0,0.0,0.0,0.0,0.0,0.0,0.0,0.0,0.0,0.0,0.0,0.0,0.0,0.0,0.0,0.0,0.0,0.0,0.0,0.0,0.0,0.0,0.0,0.0,0.0,-100.0
394,0.0,0.0,95.99417532724308,0.0,0.0,0.0,0.0,0.0,0.0,0.0,0.0,0.0,0.0,0.0,0.0,0.0,0.0,0.0,0.0,0.0,0.0,0.0,0.0,0.0,0.0,0.0,0.0,0.0,0.0,0.0,0.0,-100.0
395,0.0,0.0,99.9711047817257,0.0,0.0,0.0,0.0,0.0,0.0,0.0,0.0,0.0,0.0,0.0,0.0,0.0,0.0,0.0,0.0,0.0,0.0,0.0,0.0,0.0,0.0,0.0,0.0,0.0,0.0,0.0,0.0,-100.0
396,0.0,0.0,99.99997384185359,0.0,0.0,0.0,0.0,0.0,0.0,0.0,0.0,0.0,0.0,0.0,0.0,0.0,0.0,0.0,0.0,0.0,0.0,0.0,0.0,0.0,0.0,0.0,0.0,0.0,0.0,0.0,0.0,-100.0
397,0.0,0.0,99.99984754676994,0.0,0.0,0.0,0.0,0.0,0.0,0.0,0.0,0.0,0.0,0.0,0.0,0.0,0.0,0.0,0.0,0.0,0.0,0.0,0.0,0.0,0.0,0.0,0.0,0.0,0.0,0.0,0.0,-100.0
398,0.0,0.0,100.0,0.0,0.0,0.0,0.0,0.0,0.0,0.0,0.0,0.0,0.0,0.0,0.0,0.0,0.0,0.0,0.0,0.0,0.0,0.0,0.0,0.0,0.0,0.0,0.0,0.0,0.0,0.0,0.0,-100.0
399,0.0,0.0,100.0,0.0,0.0,0.0,0.0,0.0,0.0,0.0,0.0,0.0,0.0,0.0,0.0,0.0,0.0,0.0,0.0,0.0,0.0,0.0,0.0,0.0,0.0,0.0,0.0,0.0,0.0,0.0,0.0,-100.0
400,0.0,0.0,100.0,0.0,0.0,0.0,0.0,0.0,0.0,0.0,0.0,0.0,0.0,0.0,0.0,0.0,0.0,0.0,0.0,0.0,0.0,0.0,0.0,0.0,0.0,0.0,0.0,0.0,0.0,0.0,0.0,-100.0
401,0.0,0.0,100.0,0.0,0.0,0.0,0.0,0.0,0.0,0.0,0.0,0.0,0.0,0.0,0.0,0.0,0.0,0.0,0.0,0.0,0.0,0.0,0.0,0.0,0.0,0.0,0.0,0.0,0.0,0.0,0.0,-100.0
402,0.0,0.0,99.99735076278455,0.0,0.0,0.0,0.0,0.0,0.0,0.0,0.0,0.0,0.0,0.0,0.0,0.0,0.0,0.0,0.0,0.0,0.0,0.0,0.0,0.0,0.0,0.0,0.0,0.0,0.0,0.0,0.0,-100.0
403,0.0,0.0,99.99601329803114,0.0,0.0,0.0,0.0,0.0,0.0,0.0,0.0,0.0,0.0,0.0,0.0,0.0,0.0,0.0,0.0,0.0,0.0,0.0,0.0,0.0,0.0,0.0,0.0,0.0,0.0,0.0,0.0,-100.0
404,0.0,0.0,99.9985079010175,0.0,0.0,0.0,0.0,0.0,0.0,0.0,0.0,0.0,0.0,0.0,0.0,0.0,0.0,0.0,0.0,0.0,0.0,0.0,0.0,0.0,0.0,0.0,0.0,0.0,0.0,0.0,0.0,-100.0
405,0.0,0.0,100.0,0.0,0.0,0.0,0.0,0.0,0.0,0.0,0.0,0.0,0.0,0.0,0.0,0.0,0.0,0.0,0.0,0.0,0.0,0.0,0.0,0.0,0.0,0.0,0.0,0.0,0.0,0.0,0.0,-100.0
406,0.0,0.0,100.0,0.0,0.0,0.0,0.0,0.0,0.0,0.0,0.0,0.0,0.0,0.0,0.0,0.0,0.0,0.0,0.0,0.0,0.0,0.0,0.0,0.0,0.0,0.0,0.0,0.0,0.0,0.0,0.0,-100.0
407,0.0,0.0,100.0,0.0,0.0,0.0,0.0,0.0,0.0,0.0,0.0,0.0,0.0,0.0,0.0,0.0,0.0,0.0,0.0,0.0,0.0,0.0,0.0,0.0,0.0,0.0,0.0,0.0,0.0,0.0,0.0,-100.0
408,0.0,0.0,99.99495015132273,0.0,0.0,0.0,0.0,0.0,0.0,0.0,0.0,0.0,0.0,0.0,0.0,0.0,0.0,0.0,0.0,0.0,0.0,0.0,0.0,0.0,0.0,0.0,0.0,0.0,0.0,0.0,0.0,-100.0
409,0.0,0.0,99.99461119338677,0.0,0.0,0.0,0.0,0.0,0.0,0.0,0.0,0.0,0.0,0.0,0.0,0.0,0.0,0.0,0.0,0.0,0.0,0.0,0.0,0.0,0.0,0.0,0.0,0.0,0.0,0.0,0.0,-100.0
410,0.0,0.0,0.0,0.0,0.0,0.0,0.0,0.0,0.0,0.0,0.0,0.0,0.0,0.0,0.0,0.0,0.0,0.0,0.0,0.0,0.0,0.0,0.0,0.0,0.0,0.0,0.0,0.0,0.0,0.0,0.0,-100.0
411,0.0,0.0,0.0,0.0,0.0,0.0,0.0,0.0,0.0,0.0,0.0,0.0,0.0,0.0,0.0,0.0,0.0,0.0,0.0,0.0,0.0,0.0,0.0,0.0,0.0,0.0,0.0,0.0,0.0,0.0,0.0,-100.0
412,0.0,0.0,0.0,0.0,0.0,0.0,0.0,0.0,0.0,0.0,0.0,0.0,0.0,0.0,0.0,0.0,0.0,0.0,0.0,0.0,0.0,0.0,0.0,0.0,0.0,0.0,0.0,0.0,0.0,0.0,0.0,-100.0
413,0.0,0.0,0.0,0.0,0.0,0.0,0.0,0.0,0.0,0.0,0.0,0.0,0.0,0.0,0.0,0.0,0.0,0.0,0.0,0.0,0.0,0.0,0.0,0.0,0.0,0.0,0.0,0.0,0.0,0.0,0.0,-100.0
414,0.0,0.0,0.0,0.0,0.0,0.0,0.0,0.0,0.0,0.0,0.0,0.0,0.0,0.0,0.0,0.0,0.0,0.0,0.0,0.0,0.0,0.0,0.0,0.0,0.0,0.0,0.0,0.0,0.0,0.0,0.0,-100.0
415,0.0,0.0,43.52776382214971,0.0,0.0,0.0,0.0,0.0,0.0,0.0,0.0,0.0,0.0,0.0,0.0,0.0,0.0,0.0,0.0,0.0,0.0,0.0,0.0,0.0,0.0,0.0,0.0,0.0,0.0,0.0,0.0,-100.0
416,0.0,0.0,83.51354685457468,0.0,0.0,0.0,0.0,0.0,0.0,0.0,0.0,0.0,0.0,0.0,0.0,0.0,0.0,0.0,0.0,0.0,0.0,0.0,0.0,0.0,0.0,0.0,0.0,0.0,0.0,0.0,0.0,-100.0
417,0.0,0.0,99.11547948805017,0.0,0.0,0.0,0.0,0.0,0.0,0.0,0.0,0.0,0.0,0.0,0.0,0.0,0.0,0.0,0.0,0.0,0.0,0.0,0.0,0.0,0.0,0.0,0.0,0.0,0.0,0.0,0.0,-100.0
418,0.0,0.0,100.0,0.0,0.0,0.0,0.0,0.0,0.0,0.0,0.0,0.0,0.0,0.0,0.0,0.0,0.0,0.0,0.0,0.0,0.0,0.0,0.0,0.0,0.0,0.0,0.0,0.0,0.0,0.0,0.0,-100.0
419,0.0,0.0,99.99971805601676,0.0,0.0,0.0,0.0,0.0,0.0,0.0,0.0,0.0,0.0,0.0,0.0,0.0,0.0,0.0,0.0,0.0,0.0,0.0,0.0,0.0,0.0,0.0,0.0,0.0,0.0,0.0,0.0,-100.0
420,0.0,0.0,99.99957754763817,0.0,0.0,0.0,0.0,0.0,0.0,0.0,0.0,0.0,0.0,0.0,0.0,0.0,0.0,0.0,0.0,0.0,0.0,0.0,0.0,0.0,0.0,0.0,0.0,0.0,0.0,0.0,0.0,-100.0
421,0.0,0.0,99.99942157581184,0.0,0.0,0.0,0.0,0.0,0.0,0.0,0.0,0.0,0.0,0.0,0.0,0.0,0.0,0.0,0.0,0.0,0.0,0.0,0.0,0.0,0.0,0.0,0.0,0.0,0.0,0.0,0.0,-100.0
422,0.0,0.0,99.99998393885316,0.0,0.0,0.0,0.0,0.0,0.0,0.0,0.0,0.0,0.0,0.0,0.0,0.0,0.0,0.0,0.0,0.0,0.0,0.0,0.0,0.0,0.0,0.0,0.0,0.0,0.0,0.0,0.0,-100.0
423,0.0,0.0,100.0,0.0,0.0,0.0,0.0,0.0,0.0,0.0,0.0,0.0,0.0,0.0,0.0,0.0,0.0,0.0,0.0,0.0,0.0,0.0,0.0,0.0,0.0,0.0,0.0,0.0,0.0,0.0,0.0,-100.0
424,0.0,0.0,100.0,0.0,0.0,0.0,0.0,0.0,0.0,0.0,0.0,0.0,0.0,0.0,0.0,0.0,0.0,0.0,0.0,0.0,0.0,0.0,0.0,0.0,0.0,0.0,0.0,0.0,0.0,0.0,0.0,-100.0
425,0.0,0.0,100.0,0.0,0.0,0.0,0.0,0.0,0.0,0.0,0.0,0.0,0.0,0.0,0.0,0.0,0.0,0.0,0.0,0.0,0.0,0.0,0.0,0.0,0.0,0.0,0.0,0.0,0.0,0.0,0.0,-100.0
426,0.0,0.0,99.99735076278455,0.0,0.0,0.0,0.0,0.0,0.0,0.0,0.0,0.0,0.0,0.0,0.0,0.0,0.0,0.0,0.0,0.0,0.0,0.0,0.0,0.0,0.0,0.0,0.0,0.0,0.0,0.0,0.0,-100.0
427,0.0,0.0,99.99601329803114,0.0,0.0,0.0,0.0,0.0,0.0,0.0,0.0,0.0,0.0,0.0,0.0,0.0,0.0,0.0,0.0,0.0,0.0,0.0,0.0,0.0,0.0,0.0,0.0,0.0,0.0,0.0,0.0,-100.0
428,0.0,0.0,99.9985079010175,0.0,0.0,0.0,0.0,0.0,0.0,0.0,0.0,0.0,0.0,0.0,0.0,0.0,0.0,0.0,0.0,0.0,0.0,0.0,0.0,0.0,0.0,0.0,0.0,0.0,0.0,0.0,0.0,-100.0
429,0.0,0.0,100.0,0.0,0.0,0.0,0.0,0.0,0.0,0.0,0.0,0.0,0.0,0.0,0.0,0.0,0.0,0.0,0.0,0.0,0.0,0.0,0.0,0.0,0.0,0.0,0.0,0.0,0.0,0.0,0.0,-100.0
430,0.0,0.0,100.0,0.0,0.0,0.0,0.0,0.0,0.0,0.0,0.0,0.0,0.0,0.0,0.0,0.0,0.0,0.0,0.0,0.0,0.0,0.0,0.0,0.0,0.0,0.0,0.0,0.0,0.0,0.0,0.0,-100.0
431,0.0,0.0,100.0,0.0,0.0,0.0,0.0,0.0,0.0,0.0,0.0,0.0,0.0,0.0,0.0,0.0,0.0,0.0,0.0,0.0,0.0,0.0,0.0,0.0,0.0,0.0,0.0,0.0,0.0,0.0,0.0,-100.0
432,0.0,0.0,99.99580260808831,0.0,0.0,0.0,0.0,0.0,0.0,0.0,0.0,0.0,0.0,0.0,0.0,0.0,0.0,0.0,0.0,0.0,0.0,0.0,0.0,0.0,0.0,0.0,0.0,0.0,0.0,0.0,0.0,-100.0
433,0.0,0.0,99.99657431783552,0.0,0.0,0.0,0.0,0.0,0.0,0.0,0.0,0.0,0.0,0.0,0.0,0.0,0.0,0.0,0.0,0.0,0.0,0.0,0.0,0.0,0.0,0.0,0.0,0.0,0.0,0.0,0.0,-100.0
434,0.0,0.0,0.0,0.0,0.0,0.0,0.0,0.0,0.0,0.0,0.0,0.0,0.0,0.0,0.0,0.0,0.0,0.0,0.0,0.0,0.0,0.0,0.0,0.0,0.0,0.0,0.0,0.0,0.0,0.0,0.0,-100.0
435,0.0,0.0,0.0,0.0,0.0,0.0,0.0,0.0,0.0,0.0,0.0,0.0,0.0,0.0,0.0,0.0,0.0,0.0,0.0,0.0,0.0,0.0,0.0,0.0,0.0,0.0,0.0,0.0,0.0,0.0,0.0,-100.0
436,0.0,0.0,0.0,0.0,0.0,0.0,0.0,0.0,0.0,0.0,0.0,0.0,0.0,0.0,0.0,0.0,0.0,0.0,0.0,0.0,0.0,0.0,0.0,0.0,0.0,0.0,0.0,0.0,0.0,0.0,0.0,-100.0
437,0.0,0.0,0.0,0.0,0.0,0.0,0.0,0.0,0.0,0.0,0.0,0.0,0.0,0.0,0.0,0.0,0.0,0.0,0.0,0.0,0.0,0.0,0.0,0.0,0.0,0.0,0.0,0.0,0.0,0.0,0.0,-100.0
438,0.0,0.0,51.620132946611676,0.0,0.0,0.0,0.0,0.0,0.0,0.0,0.0,0.0,0.0,0.0,0.0,0.0,0.0,0.0,0.0,0.0,0.0,0.0,0.0,0.0,0.0,0.0,0.0,0.0,0.0,0.0,0.0,-100.0
439,0.0,0.0,87.80726023329109,0.0,0.0,0.0,0.0,0.0,0.0,0.0,0.0,0.0,0.0,0.0,0.0,0.0,0.0,0.0,0.0,0.0,0.0,0.0,0.0,0.0,0.0,0.0,0.0,0.0,0.0,0.0,0.0,-100.0
440,0.0,0.0,99.68121096453024,0.0,0.0,0.0,0.0,0.0,0.0,0.0,0.0,0.0,0.0,0.0,0.0,0.0,0.0,0.0,0.0,0.0,0.0,0.0,0.0,0.0,0.0,0.0,0.0,0.0,0.0,0.0,0.0,-100.0
441,0.0,0.0,99.99812229550729,0.0,0.0,0.0,0.0,0.0,0.0,0.0,0.0,0.0,0.0,0.0,0.0,0.0,0.0,0.0,0.0,0.0,0.0,0.0,0.0,0.0,0.0,0.0,0.0,0.0,0.0,0.0,0.0,-100.0
442,0.0,0.0,99.99966868773544,0.0,0.0,0.0,0.0,0.0,0.0,0.0,0.0,0.0,0.0,0.0,0.0,0.0,0.0,0.0,0.0,0.0,0.0,0.0,0.0,0.0,0.0,0.0,0.0,0.0,0.0,0.0,0.0,-100.0
443,0.0,0.0,99.99974331174344,0.0,0.0,0.0,0.0,0.0,0.0,0.0,0.0,0.0,0.0,0.0,0.0,0.0,0.0,0.0,0.0,0.0,0.0,0.0,0.0,0.0,0.0,0.0,0.0,0.0,0.0,0.0,0.0,-100.0
444,0.0,0.0,99.99976620853948,0.0,0.0,0.0,0.0,0.0,0.0,0.0,0.0,0.0,0.0,0.0,0.0,0.0,0.0,0.0,0.0,0.0,0.0,0.0,0.0,0.0,0.0,0.0,0.0,0.0,0.0,0.0,0.0,-100.0
445,0.0,0.0,99.99996992697503,0.0,0.0,0.0,0.0,0.0,0.0,0.0,0.0,0.0,0.0,0.0,0.0,0.0,0.0,0.0,0.0,0.0,0.0,0.0,0.0,0.0,0.0,0.0,0.0,0.0,0.0,0.0,0.0,-100.0
446,0.0,0.0,100.0,0.0,0.0,0.0,0.0,0.0,0.0,0.0,0.0,0.0,0.0,0.0,0.0,0.0,0.0,0.0,0.0,0.0,0.0,0.0,0.0,0.0,0.0,0.0,0.0,0.0,0.0,0.0,0.0,-100.0
447,0.0,0.0,100.0,0.0,0.0,0.0,0.0,0.0,0.0,0.0,0.0,0.0,0.0,0.0,0.0,0.0,0.0,0.0,0.0,0.0,0.0,0.0,0.0,0.0,0.0,0.0,0.0,0.0,0.0,0.0,0.0,-100.0
448,0.0,0.0,100.0,0.0,0.0,0.0,0.0,0.0,0.0,0.0,0.0,0.0,0.0,0.0,0.0,0.0,0.0,0.0,0.0,0.0,0.0,0.0,0.0,0.0,0.0,0.0,0.0,0.0,0.0,0.0,0.0,-100.0
449,0.0,0.0,100.0,0.0,0.0,0.0,0.0,0.0,0.0,0.0,0.0,0.0,0.0,0.0,0.0,0.0,0.0,0.0,0.0,0.0,0.0,0.0,0.0,0.0,0.0,0.0,0.0,0.0,0.0,0.0,0.0,-100.0
450,0.0,0.0,99.99735076278455,0.0,0.0,0.0,0.0,0.0,0.0,0.0,0.0,0.0,0.0,0.0,0.0,0.0,0.0,0.0,0.0,0.0,0.0,0.0,0.0,0.0,0.0,0.0,0.0,0.0,0.0,0.0,0.0,-100.0
451,0.0,0.0,99.99601329803114,0.0,0.0,0.0,0.0,0.0,0.0,0.0,0.0,0.0,0.0,0.0,0.0,0.0,0.0,0.0,0.0,0.0,0.0,0.0,0.0,0.0,0.0,0.0,0.0,0.0,0.0,0.0,0.0,-100.0
452,0.0,0.0,99.9985079010175,0.0,0.0,0.0,0.0,0.0,0.0,0.0,0.0,0.0,0.0,0.0,0.0,0.0,0.0,0.0,0.0,0.0,0.0,0.0,0.0,0.0,0.0,0.0,0.0,0.0,0.0,0.0,0.0,-100.0
453,0.0,0.0,100.0,0.0,0.0,0.0,0.0,0.0,0.0,0.0,0.0,0.0,0.0,0.0,0.0,0.0,0.0,0.0,0.0,0.0,0.0,0.0,0.0,0.0,0.0,0.0,0.0,0.0,0.0,0.0,0.0,-100.0
454,0.0,0.0,100.0,0.0,0.0,0.0,0.0,0.0,0.0,0.0,0.0,0.0,0.0,0.0,0.0,0.0,0.0,0.0,0.0,0.0,0.0,0.0,0.0,0.0,0.0,0.0,0.0,0.0,0.0,0.0,0.0,-100.0
455,0.0,0.0,100.0,0.0,0.0,0.0,0.0,0.0,0.0,0.0,0.0,0.0,0.0,0.0,0.0,0.0,0.0,0.0,0.0,0.0,0.0,0.0,0.0,0.0,0.0,0.0,0.0,0.0,0.0,0.0,0.0,-100.0
456,0.0,0.0,99.99651395417247,0.0,0.0,0.0,0.0,0.0,0.0,0.0,0.0,0.0,0.0,0.0,0.0,0.0,0.0,0.0,0.0,0.0,0.0,0.0,0.0,0.0,0.0,0.0,0.0,0.0,0.0,0.0,0.0,-100.0
457,0.0,0.0,99.9971874719266,0.0,0.0,0.0,0.0,0.0,0.0,0.0,0.0,0.0,0.0,0.0,0.0,0.0,0.0,0.0,0.0,0.0,0.0,0.0,0.0,0.0,0.0,0.0,0.0,0.0,0.0,0.0,0.0,-100.0
458,0.0,0.0,0.0,0.0,0.0,0.0,0.0,0.0,0.0,0.0,0.0,0.0,0.0,0.0,0.0,0.0,0.0,0.0,0.0,0.0,0.0,0.0,0.0,0.0,0.0,0.0,0.0,0.0,0.0,0.0,0.0,-100.0
459,0.0,0.0,0.0,0.0,0.0,0.0,0.0,0.0,0.0,0.0,0.0,0.0,0.0,0.0,0.0,0.0,0.0,0.0,0.0,0.0,0.0,0.0,0.0,0.0,0.0,0.0,0.0,0.0,0.0,0.0,0.0,-100.0
460,0.0,0.0,0.0,0.0,0.0,0.0,0.0,0.0,0.0,0.0,0.0,0.0,0.0,0.0,0.0,0.0,0.0,0.0,0.0,0.0,0.0,0.0,0.0,0.0,0.0,0.0,0.0,0.0,0.0,0.0,0.0,-100.0
461,0.0,0.0,0.0,0.0,0.0,0.0,0.0,0.0,0.0,0.0,0.0,0.0,0.0,0.0,0.0,0.0,0.0,0.0,0.0,0.0,0.0,0.0,0.0,0.0,0.0,0.0,0.0,0.0,0.0,0.0,0.0,-100.0
462,0.0,0.0,0.0,0.0,0.0,0.0,0.0,0.0,0.0,0.0,0.0,0.0,0.0,0.0,0.0,0.0,0.0,0.0,0.0,0.0,0.0,0.0,0.0,0.0,0.0,0.0,0.0,0.0,0.0,0.0,0.0,-100.0
463,0.0,0.0,0.0,0.0,0.0,0.0,0.0,0.0,0.0,0.0,0.0,0.0,0.0,0.0,0.0,0.0,0.0,0.0,0.0,0.0,0.0,0.0,0.0,0.0,0.0,0.0,0.0,0.0,0.0,0.0,0.0,-100.0
464,0.0,0.0,47.83466589230742,0.0,0.0,0.0,0.0,0.0,0.0,0.0,0.0,0.0,0.0,0.0,0.0,0.0,0.0,0.0,0.0,0.0,0.0,0.0,0.0,0.0,0.0,0.0,0.0,0.0,0.0,0.0,0.0,-100.0
465,0.0,0.0,85.53603851534349,0.0,0.0,0.0,0.0,0.0,0.0,0.0,0.0,0.0,0.0,0.0,0.0,0.0,0.0,0.0,0.0,0.0,0.0,0.0,0.0,0.0,0.0,0.0,0.0,0.0,0.0,0.0,0.0,-100.0
466,0.0,0.0,99.54431677780346,0.0,0.0,0.0,0.0,0.0,0.0,0.0,0.0,0.0,0.0,0.0,0.0,0.0,0.0,0.0,0.0,0.0,0.0,0.0,0.0,0.0,0.0,0.0,0.0,0.0,0.0,0.0,0.0,-100.0
467,0.0,0.0,99.99919963355197,0.0,0.0,0.0,0.0,0.0,0.0,0.0,0.0,0.0,0.0,0.0,0.0,0.0,0.0,0.0,0.0,0.0,0.0,0.0,0.0,0.0,0.0,0.0,0.0,0.0,0.0,0.0,0.0,-100.0
468,0.0,0.0,99.9999525861527,0.0,0.0,0.0,0.0,0.0,0.0,0.0,0.0,0.0,0.0,0.0,0.0,0.0,0.0,0.0,0.0,0.0,0.0,0.0,0.0,0.0,0.0,0.0,0.0,0.0,0.0,0.0,0.0,-100.0
469,0.0,0.0,99.99999179720302,0.0,0.0,0.0,0.0,0.0,0.0,0.0,0.0,0.0,0.0,0.0,0.0,0.0,0.0,0.0,0.0,0.0,0.0,0.0,0.0,0.0,0.0,0.0,0.0,0.0,0.0,0.0,0.0,-100.0
470,0.0,0.0,99.99999318369548,0.0,0.0,0.0,0.0,0.0,0.0,0.0,0.0,0.0,0.0,0.0,0.0,0.0,0.0,0.0,0.0,0.0,0.0,0.0,0.0,0.0,0.0,0.0,0.0,0.0,0.0,0.0,0.0,-100.0
471,0.0,0.0,100.0,0.0,0.0,0.0,0.0,0.0,0.0,0.0,0.0,0.0,0.0,0.0,0.0,0.0,0.0,0.0,0.0,0.0,0.0,0.0,0.0,0.0,0.0,0.0,0.0,0.0,0.0,0.0,0.0,-100.0
472,0.0,0.0,100.0,0.0,0.0,0.0,0.0,0.0,0.0,0.0,0.0,0.0,0.0,0.0,0.0,0.0,0.0,0.0,0.0,0.0,0.0,0.0,0.0,0.0,0.0,0.0,0.0,0.0,0.0,0.0,0.0,-100.0
473,0.0,0.0,100.0,0.0,0.0,0.0,0.0,0.0,0.0,0.0,0.0,0.0,0.0,0.0,0.0,0.0,0.0,0.0,0.0,0.0,0.0,0.0,0.0,0.0,0.0,0.0,0.0,0.0,0.0,0.0,0.0,-100.0
474,0.0,0.0,99.99735076278455,0.0,0.0,0.0,0.0,0.0,0.0,0.0,0.0,0.0,0.0,0.0,0.0,0.0,0.0,0.0,0.0,0.0,0.0,0.0,0.0,0.0,0.0,0.0,0.0,0.0,0.0,0.0,0.0,-100.0
475,0.0,0.0,99.99601329803114,0.0,0.0,0.0,0.0,0.0,0.0,0.0,0.0,0.0,0.0,0.0,0.0,0.0,0.0,0.0,0.0,0.0,0.0,0.0,0.0,0.0,0.0,0.0,0.0,0.0,0.0,0.0,0.0,-100.0
476,0.0,0.0,99.9985079010175,0.0,0.0,0.0,0.0,0.0,0.0,0.0,0.0,0.0,0.0,0.0,0.0,0.0,0.0,0.0,0.0,0.0,0.0,0.0,0.0,0.0,0.0,0.0,0.0,0.0,0.0,0.0,0.0,-100.0
477,0.0,0.0,100.0,0.0,0.0,0.0,0.0,0.0,0.0,0.0,0.0,0.0,0.0,0.0,0.0,0.0,0.0,0.0,0.0,0.0,0.0,0.0,0.0,0.0,0.0,0.0,0.0,0.0,0.0,0.0,0.0,-100.0
478,0.0,0.0,100.0,0.0,0.0,0.0,0.0,0.0,0.0,0.0,0.0,0.0,0.0,0.0,0.0,0.0,0.0,0.0,0.0,0.0,0.0,0.0,0.0,0.0,0.0,0.0,0.0,0.0,0.0,0.0,0.0,-100.0
479,0.0,0.0,100.0,0.0,0.0,0.0,0.0,0.0,0.0,0.0,0.0,0.0,0.0,0.0,0.0,0.0,0.0,0.0,0.0,0.0,0.0,0.0,0.0,0.0,0.0,0.0,0.0,0.0,0.0,0.0,0.0,-100.0
